$MeshFormat
2.2 0 8
$EndMeshFormat
$Nodes
348
1 416.2 467.2 0
2 433.5 489.1 0
3 455.8 503.3 0
4 485.5 513.5 0
5 505.5 493.2 0
6 509.8 453.2 0
7 509 419.5 0
8 512.6 376.4 0
9 515.4 344.1 0
10 519.8 304.9 0
11 515.9 276 0
12 489.6 271.7 0
13 462.2 269.1 0
14 442.4 307.5 0
15 432 325.4 0
16 420.2 370.8 0
17 415.8 422.5 0
18 415.8800000000001 431.4400000000132 0
19 415.9599999999995 440.379999999938 0
20 416.0399999999992 449.3199999999155 0
21 416.1199999999996 458.259999999958 0
22 421.9666666666516 474.4999999999809 0
23 427.7333333332926 481.7999999999486 0
24 440.933333333278 493.8333333332981 0
25 448.3666666665869 498.5666666666159 0
26 463.2249999999628 505.8499999999872 0
27 470.6499999999662 508.3999999999884 0
28 478.0749999999895 510.9499999999964 0
29 492.1666666666592 506.7333333333409 0
30 498.8333333333075 499.966666666693 0
31 506.3599999999998 485.2000000000019 0
32 507.2199999999999 477.2000000000014 0
33 508.0799999999999 469.2000000000009 0
34 508.9399999999999 461.2000000000004 0
35 509.6000000000021 444.7750000000902 0
36 509.4000000000034 436.3500000001442 0
37 509.2000000000021 427.9250000000873 0
38 509.7199999999955 410.8800000000538 0
39 510.4399999999982 402.2600000000215 0
40 511.1600000000015 393.6399999999822 0
41 511.8800000000044 385.019999999948 0
42 513.2999999999976 368.3250000000276 0
43 513.9999999999972 360.2500000000331 0
44 514.6999999999986 352.1750000000166 0
45 516.4999999999967 334.3000000000293 0
46 517.5999999999948 324.5000000000463 0
47 518.6999999999983 314.7000000000145 0
48 518.5000000000033 295.2666666666915 0
49 517.2000000000054 285.6333333333739 0
50 507.1333333333296 274.566666666666 0
51 498.3666666666522 273.133333333331 0
52 480.4666666666939 270.8333333333359 0
53 471.33333333337 269.9666666666702 0
54 458.2399999999986 276.7800000000026 0
55 454.2800000000154 284.4599999999701 0
56 450.3199999999936 292.1400000000124 0
57 446.3599999999832 299.8200000000325 0
58 438.9333333333377 313.4666666666591 0
59 435.4666666666719 319.4333333333243 0
60 429.639999999997 334.4800000000113 0
61 427.2800000000079 343.5599999999698 0
62 424.9200000000124 352.6399999999525 0
63 422.5599999999976 361.7200000000094 0
64 419.4666666666729 379.4166666665938 0
65 418.733333333345 388.0333333331959 0
66 418.0000000000169 396.6499999998007 0
67 417.2666666666814 405.2666666664937 0
68 416.5333333333435 413.8833333332134 0
69 442.4490019054471 319.2011235882769 0
70 507.1922024031574 355.6762109161423 0
71 505.3036579825925 380.0252269152934 0
72 502.5687891336471 449.1567869048845 0
73 501.8037359730547 423.8857050808022 0
74 426.7050555534552 393.6199551540752 0
75 423.6352847250181 419.0258292685992 0
76 423.4486131823889 444.7972643481953 0
77 433.9955801482291 349.8624629382639 0
78 448.6416570467248 489.7119888294953 0
79 508.6522632954176 328.6305064673014 0
80 500.8166741198116 471.9413340429373 0
81 454.7444979756864 299.5281331261464 0
82 469.342978402041 500.9670022733942 0
83 509.9093694685902 301.1758700832522 0
84 484.6985704038539 278.4455142497457 0
85 431.2293678575743 473.8452185061219 0
86 502.5403579777166 406.1984950205388 0
87 428.9359549755867 368.223882570752 0
88 488.7688974984518 498.5283314136616 0
89 462.6828073394796 284.209898997316 0
90 437.9129507929177 332.1878061519712 0
91 499.7733714000681 280.535746373945 0
92 499.1337784867341 488.6935381339447 0
93 424.5690691164523 461.8840287947564 0
94 507.9188521618951 338.0782533387971 0
95 500.3165128209176 332.5318964246471 0
96 500.7154408471717 323.7317655149071 0
97 492.7623466835141 327.2374297591706 0
98 492.1303930939649 336.1278007029931 0
99 484.9350261885739 330.9530436047271 0
100 484.1608261438473 339.5822180709257 0
101 477.128911869259 334.528289203411 0
102 476.3944316834901 343.1426193033083 0
103 484.4832735416596 322.0443429260827 0
104 468.9939324328902 337.9359861887498 0
105 468.2352790696596 346.6232425979381 0
106 475.584900480637 351.7753184990048 0
107 467.9079353353375 355.3500782750085 0
108 474.895829431508 360.3806744491037 0
109 467.4696448230637 364.0945995196994 0
110 474.4404229378347 369.0967689122831 0
111 466.6776827979716 372.7836670395881 0
112 473.9047325671024 377.7647729383482 0
113 465.9479247665594 381.4438217216846 0
114 472.4972987154096 386.4084870201376 0
115 464.725913451779 390.040179704957 0
116 471.9699079971013 395.0219230062228 0
117 464.0974725215127 398.6486401991833 0
118 471.4996395348644 403.627063013396 0
119 463.4049862756893 407.2259763653452 0
120 470.326248491985 412.1721601575182 0
121 462.4780807935363 415.7698806001209 0
122 469.6719885219346 420.7377395387555 0
123 461.693229434002 424.3183697753653 0
124 468.9088490483073 429.2890445326753 0
125 461.0216349957441 432.6079003339215 0
126 467.7768366155559 437.8056335870438 0
127 460.0184375906535 440.5011321680932 0
128 466.9844274381448 446.32399406315 0
129 457.5466506070194 448.9525746063956 0
130 466.1334387628538 454.898918547806 0
131 469.8855979588533 329.6156954129769 0
132 455.2915210770163 410.8138014841568 0
133 457.5503378081956 385.0616140736919 0
134 458.2408806891364 458.3681084667635 0
135 465.3685974184627 463.4496465288549 0
136 473.1297117520731 459.9036001092612 0
137 472.3622601116182 468.3830378447836 0
138 453.8914477841403 426.6844566120758 0
139 475.7452604557965 434.2890822583429 0
140 481.6937944277611 365.014391701493 0
141 459.5002678492241 367.6788544041501 0
142 480.2735175317981 391.4542326329059 0
143 451.0621678266351 453.807654810559 0
144 460.2781939556797 340.9250654586969 0
145 477.9530710968031 417.3478206518381 0
146 457.6107275997181 467.1311046358638 0
147 480.0524903626667 464.7766723203136 0
148 479.305712407183 473.2173316709399 0
149 471.6471156997623 476.8463444416585 0
150 480.8116803621401 456.3909191648364 0
151 491.4898590281521 344.7106994316712 0
152 478.5566489398461 481.6577696812777 0
153 487.6895615719761 461.2042041956762 0
154 470.8846339779932 485.1126018841113 0
155 464.0020135248947 480.3734247973489 0
156 463.2304905017748 489.3144176359599 0
157 486.2175389797151 478.0860308305917 0
158 488.2662921256269 452.8423768070193 0
159 481.554823923795 448.0211266111995 0
160 488.7126443491559 444.9652470647622 0
161 477.8952730888802 490.4920426510482 0
162 495.0513139583368 458.4703621003063 0
163 456.150933836769 485.0989339982374 0
164 450.4314660574132 306.902698058251 0
165 458.9091581658297 307.0548884533215 0
166 463.3462892991957 299.5824957277653 0
167 467.5048036492577 307.5392204037105 0
168 472.1489718592022 300.0587678829546 0
169 453.9715841603141 313.6918537554566 0
170 476.1633119617408 308.0439231494128 0
171 481.0306897171524 300.7700253191716 0
172 476.3788053920333 292.6577145489684 0
173 485.3498589115608 293.34072531226 0
174 489.7944550915175 301.406098395302 0
175 471.7803901517029 314.7883146624927 0
176 494.7347268510799 294.306037438215 0
177 499.1666030819607 301.874181536853 0
178 493.8722957675179 310.357197289756 0
179 503.9474515316413 309.8103131256497 0
180 501.9001077662722 414.7974080329182 0
181 494.7863480423648 409.9188385230086 0
182 495.3610909607052 401.3513446290111 0
183 487.3591755665793 405.1634699777316 0
184 493.8146301408989 418.6312891924752 0
185 493.6190834021268 427.2504304270678 0
186 486.1677257280911 422.7745425871519 0
187 485.7712190195048 431.7032144668443 0
188 494.583051376405 435.5209437168126 0
189 487.9962108866733 396.4787434803692 0
190 496.0245854044848 392.5148568545411 0
191 488.7911597540852 387.6238498239983 0
192 481.4053611871366 382.7805493368557 0
193 490.582210993935 379.1429643795657 0
194 436.0367733906885 340.8539335807538 0
195 443.0266684990455 346.9115543748192 0
196 441.0724394501862 355.813797285686 0
197 449.9059236681512 352.7151396414873 0
198 447.7112957193616 361.3915537437315 0
199 439.1535743863901 364.745506683329 0
200 446.1017202270975 370.1631440389311 0
201 437.862661816535 373.4954360545322 0
202 444.8353383569943 378.9035636879402 0
203 436.5984482886446 381.9806238654608 0
204 443.6233728505782 387.5563539726127 0
205 444.793232088314 338.1941276630135 0
206 445.6177906097306 330.2095468063448 0
207 452.8863692554623 335.3676073378518 0
208 453.1060164903426 326.4769170451542 0
209 461.0984978942211 332.3555155897878 0
210 461.8182829003794 324.1588616860452 0
211 435.117304109314 390.5169545757349 0
212 442.2284781109489 396.1191168667692 0
213 434.5669028760294 399.366522368908 0
214 441.1332253345471 404.7379530230624 0
215 433.0591174983393 407.8180861091228 0
216 439.8261815939902 413.2747647716313 0
217 449.57054949459 401.5939533535417 0
218 455.2155882919524 359.6139730729988 0
219 453.2826057111081 375.6939862949412 0
220 451.9626243624263 344.0336811195021 0
221 425.8793696612149 402.2951931762244 0
222 486.5844964139843 413.7527132772678 0
223 479.0004665882396 408.6847448243596 0
224 494.2884356176666 466.6696432706386 0
225 507.3135628839325 347.0696854352315 0
226 498.3426560750822 350.7787019721219 0
227 499.8728495519269 359.5952656600014 0
228 491.7804384801161 357.2004261538048 0
229 493.4539305882993 364.4016969749254 0
230 500.241876603677 367.8192373066046 0
231 431.7729248267336 358.8342749129988 0
232 455.7252831685051 494.1072270415445 0
233 449.2013131391064 480.955308139351 0
234 508.7245830747563 318.2357674360696 0
235 490.915839972749 285.5705758260194 0
236 499.6390509281541 341.7121034131382 0
237 478.0036763959125 425.8122616233513 0
238 436.1836673270362 480.2007882512276 0
239 439.5879098947244 472.0244126371508 0
240 433.4334577601431 465.1074705880832 0
241 442.8937596958247 464.0927208734664 0
242 438.4213182137082 456.9316657100185 0
243 448.5950855712392 471.4209949848129 0
244 502.9799327141673 295.4415506978687 0
245 477.3369195380964 326.3788546325721 0
246 483.3568514418623 373.4316347864216 0
247 482.333143183709 439.6469983041026 0
248 483.5703733381381 505.0225516275471 0
249 479.6831530175427 400.0716961558308 0
250 464.6556247422258 471.9477394829817 0
251 475.4447565576057 277.5675020278804 0
252 483.415739924119 356.4132822289469 0
253 486.7830987576555 469.7162746436716 0
254 502.3052974525274 440.1061683545659 0
255 503.3348610193511 397.326461709276 0
256 504.1464685333069 388.6155298413667 0
257 462.6878125069153 315.6978542434083 0
258 431.6751714703803 416.2455279846573 0
259 438.7105035454028 421.8509535192381 0
260 447.0537550032236 418.652195963464 0
261 430.6670877963458 424.9928866090078 0
262 437.3924715643603 430.4395891359516 0
263 429.4542604017544 433.3792558591119 0
264 436.369489544999 438.7594146049565 0
265 444.5221929190942 436.2033483687068 0
266 442.9896237061758 443.7960410189353 0
267 435.4929921952468 448.3801352080933 0
268 451.0911466828354 441.3343735746866 0
269 423.2036879602995 453.6002953224422 0
270 501.9362403685016 432.1390588888314 0
271 459.459468273412 351.2190150722267 0
272 457.0625232920112 395.0925509019023 0
273 427.1256482779734 383.8755285408411 0
274 458.8368866588867 291.8788768715112 0
275 467.3157360994197 292.1170874991172 0
276 446.3122129814097 313.4129112754885 0
277 485.3864686843721 486.0691498325788 0
278 493.2026023720928 318.9944098527469 0
279 473.9404531026198 451.5170719457991 0
280 484.9501692943612 308.6575549552609 0
281 479.9640532866746 314.8708719381291 0
282 456.7026164023255 476.1545843397658 0
283 474.7224907866035 442.9339844616063 0
284 499.8531437180862 480.0560845467968 0
285 449.6302993350299 319.5063503970177 0
286 430.9739811483942 376.6135925163791 0
287 483.3945559102479 347.7067312578052 0
288 445.7464193532369 427.8683039609586 0
289 497.3233929902797 383.5022726219437 0
290 493.3907235830149 372.0978388441577 0
291 424.5256895412648 410.6857370060879 0
292 469.859774823604 492.9596295159752 0
293 456.0816068183838 419.2477408870366 0
294 506.9260863609687 363.8570413521412 0
295 502.0495766293744 464.5055044876567 0
296 493.3273923743242 474.7443183621368 0
297 476.2176929169144 503.313703854014 0
298 422.8609648520979 427.6063157230592 0
299 492.5337746661544 482.9819663820746 0
300 466.5707565957405 276.756312933799 0
301 446.5750465006734 409.8145337191713 0
302 480.7853803614495 497.3189425227318 0
303 502.5445744484559 456.6643725423809 0
304 439.6048148204226 325.0902862487135 0
305 462.8639211493146 497.7497127444768 0
306 506.483610252811 371.8841141124762 0
307 512.0188525178975 309.7869393915894 0
308 450.6376454458323 462.0111468320479 0
309 430.6024873987832 455.8520244768935 0
310 480.5480812142539 285.3161338218437 0
311 495.3472306826732 450.3393487762164 0
312 457.8854105321639 402.6749844608259 0
313 508.5159448171014 282.7645684675014 0
314 491.6763438249068 491.5132273795473 0
315 469.2993386780434 322.0771439989973 0
316 441.862056812926 485.5717742562733 0
317 450.0663825754929 391.6030734529585 0
318 471.4901571997553 284.7707749714874 0
319 492.6708896886647 277.8770339566082 0
320 422.6011662890057 436.2186187271529 0
321 509.4662352762899 291.4688010924846 0
322 498.887578734385 375.7452756966735 0
323 449.8716074604738 383.7637182964289 0
324 453.5561674006365 434.6682342880553 0
325 495.2902231088198 443.115087939645 0
326 487.0038887478236 315.4111319073204 0
327 499.6921646578726 288.5308173062201 0
328 456.0721466849719 320.3067593604519 0
329 460.5917637866118 376.5323887068112 0
330 429.3109332097183 441.4450512536989 0
331 445.0656154073952 457.6190410326018 0
332 487.8141972575984 367.2947233298756 0
333 474.8202199185778 497.0102641634327 0
334 443.6419675575419 451.3368167345598 0
335 452.3622955597487 366.9083023109505 0
336 487.501353310286 361.9115184391153 0
337 500.0465231058608 316.2854860017324 0
338 449.2663112760415 447.8454921490273 0
339 446.0815846321946 324.0968448171014 0
340 489.5068188554775 350.9967184802681 0
341 485.0451405741289 492.8001596423186 0
342 476.2386496059568 320.1027794592407 0
343 425.6724755204967 468.7784355686717 0
344 428.4728830187882 449.1060946792152 0
345 462.302492253086 359.4348736710068 0
346 424.7091668112539 375.5994312400338 0
347 442.8045588379358 478.0316913979925 0
348 488.5142388584814 438.7031015101862 0
$EndNodes
$Elements
712
1 15 2 0 2 1
2 15 2 0 3 2
3 15 2 0 4 3
4 15 2 0 5 4
5 15 2 0 6 5
6 15 2 0 7 6
7 15 2 0 8 7
8 15 2 0 9 8
9 15 2 0 10 9
10 15 2 0 11 10
11 15 2 0 12 11
12 15 2 0 13 12
13 15 2 0 14 13
14 15 2 0 15 14
15 15 2 0 16 15
16 15 2 0 17 16
17 15 2 0 18 17
18 1 2 0 1 17 18
19 1 2 0 1 18 19
20 1 2 0 1 19 20
21 1 2 0 1 20 21
22 1 2 0 1 21 1
23 1 2 0 2 1 22
24 1 2 0 2 22 23
25 1 2 0 2 23 2
26 1 2 0 3 2 24
27 1 2 0 3 24 25
28 1 2 0 3 25 3
29 1 2 0 4 3 3
30 1 2 0 5 3 26
31 1 2 0 5 26 27
32 1 2 0 5 27 28
33 1 2 0 5 28 4
34 1 2 0 6 4 29
35 1 2 0 6 29 30
36 1 2 0 6 30 5
37 1 2 0 7 5 31
38 1 2 0 7 31 32
39 1 2 0 7 32 33
40 1 2 0 7 33 34
41 1 2 0 7 34 6
42 1 2 0 8 6 35
43 1 2 0 8 35 36
44 1 2 0 8 36 37
45 1 2 0 8 37 7
46 1 2 0 9 7 38
47 1 2 0 9 38 39
48 1 2 0 9 39 40
49 1 2 0 9 40 41
50 1 2 0 9 41 8
51 1 2 0 10 8 42
52 1 2 0 10 42 43
53 1 2 0 10 43 44
54 1 2 0 10 44 9
55 1 2 0 11 9 45
56 1 2 0 11 45 46
57 1 2 0 11 46 47
58 1 2 0 11 47 10
59 1 2 0 12 10 48
60 1 2 0 12 48 49
61 1 2 0 12 49 11
62 1 2 0 13 11 50
63 1 2 0 13 50 51
64 1 2 0 13 51 12
65 1 2 0 14 12 52
66 1 2 0 14 52 53
67 1 2 0 14 53 13
68 1 2 0 15 13 54
69 1 2 0 15 54 55
70 1 2 0 15 55 56
71 1 2 0 15 56 57
72 1 2 0 15 57 14
73 1 2 0 16 14 58
74 1 2 0 16 58 59
75 1 2 0 16 59 15
76 1 2 0 17 15 60
77 1 2 0 17 60 61
78 1 2 0 17 61 62
79 1 2 0 17 62 63
80 1 2 0 17 63 16
81 1 2 0 18 16 64
82 1 2 0 18 64 65
83 1 2 0 18 65 66
84 1 2 0 18 66 67
85 1 2 0 18 67 68
86 1 2 0 18 68 17
87 2 2 0 1 92 30 314
88 2 2 0 1 177 83 179
89 2 2 0 1 226 151 236
90 2 2 0 1 151 226 340
91 2 2 0 1 203 211 273
92 2 2 0 1 313 321 327
93 2 2 0 1 131 104 209
94 2 2 0 1 265 288 324
95 2 2 0 1 144 207 209
96 2 2 0 1 235 173 310
97 2 2 0 1 268 129 338
98 2 2 0 1 127 129 268
99 2 2 0 1 207 144 220
100 2 2 0 1 87 199 201
101 2 2 0 1 211 74 273
102 2 2 0 1 288 138 324
103 2 2 0 1 187 139 237
104 2 2 0 1 104 144 209
105 2 2 0 1 163 156 232
106 2 2 0 1 260 132 293
107 2 2 0 1 132 260 301
108 2 2 0 1 131 209 210
109 2 2 0 1 5 30 92
110 2 2 0 1 78 163 232
111 2 2 0 1 260 138 288
112 2 2 0 1 138 260 293
113 2 2 0 1 74 211 213
114 2 2 0 1 139 187 247
115 2 2 0 1 303 162 311
116 2 2 0 1 30 88 314
117 2 2 0 1 72 303 311
118 2 2 0 1 321 244 327
119 2 2 0 1 186 145 222
120 2 2 0 1 199 87 231
121 2 2 0 1 84 235 310
122 2 2 0 1 289 193 322
123 2 2 0 1 156 292 305
124 2 2 0 1 193 290 322
125 2 2 0 1 74 213 221
126 2 2 0 1 133 272 317
127 2 2 0 1 145 186 237
128 2 2 0 1 195 205 220
129 2 2 0 1 133 317 323
130 2 2 0 1 83 177 244
131 2 2 0 1 226 228 340
132 2 2 0 1 124 122 237
133 2 2 0 1 267 242 309
134 2 2 0 1 112 110 246
135 2 2 0 1 91 235 319
136 2 2 0 1 223 118 249
137 2 2 0 1 233 243 282
138 2 2 0 1 91 313 327
139 2 2 0 1 189 142 191
140 2 2 0 1 118 116 249
141 2 2 0 1 232 156 305
142 2 2 0 1 120 118 223
143 2 2 0 1 67 66 221
144 2 2 0 1 105 107 271
145 2 2 0 1 235 91 327
146 2 2 0 1 193 246 290
147 2 2 0 1 66 74 221
148 2 2 0 1 217 132 301
149 2 2 0 1 254 188 270
150 2 2 0 1 192 112 246
151 2 2 0 1 132 217 312
152 2 2 0 1 179 83 307
153 2 2 0 1 290 246 332
154 2 2 0 1 4 28 248
155 2 2 0 1 205 90 206
156 2 2 0 1 217 272 312
157 2 2 0 1 172 275 318
158 2 2 0 1 267 309 344
159 2 2 0 1 203 273 286
160 2 2 0 1 272 217 317
161 2 2 0 1 45 9 94
162 2 2 0 1 184 73 185
163 2 2 0 1 114 112 192
164 2 2 0 1 188 185 270
165 2 2 0 1 98 95 236
166 2 2 0 1 190 191 289
167 2 2 0 1 197 195 220
168 2 2 0 1 183 181 222
169 2 2 0 1 172 168 275
170 2 2 0 1 205 207 220
171 2 2 0 1 194 90 205
172 2 2 0 1 29 4 248
173 2 2 0 1 93 240 343
174 2 2 0 1 87 201 286
175 2 2 0 1 60 15 90
176 2 2 0 1 240 93 309
177 2 2 0 1 215 258 291
178 2 2 0 1 310 172 318
179 2 2 0 1 163 233 282
180 2 2 0 1 151 98 236
181 2 2 0 1 139 124 237
182 2 2 0 1 122 145 237
183 2 2 0 1 142 189 249
184 2 2 0 1 168 166 275
185 2 2 0 1 131 210 315
186 2 2 0 1 185 73 270
187 2 2 0 1 86 38 180
188 2 2 0 1 191 142 192
189 2 2 0 1 94 9 225
190 2 2 0 1 110 140 246
191 2 2 0 1 164 169 276
192 2 2 0 1 186 187 237
193 2 2 0 1 145 120 223
194 2 2 0 1 180 73 184
195 2 2 0 1 77 194 195
196 2 2 0 1 44 70 225
197 2 2 0 1 228 252 340
198 2 2 0 1 86 180 181
199 2 2 0 1 173 172 310
200 2 2 0 1 142 114 192
201 2 2 0 1 116 142 249
202 2 2 0 1 77 61 194
203 2 2 0 1 197 220 271
204 2 2 0 1 144 105 271
205 2 2 0 1 9 44 225
206 2 2 0 1 129 143 338
207 2 2 0 1 181 184 222
208 2 2 0 1 163 78 233
209 2 2 0 1 252 228 336
210 2 2 0 1 183 222 223
211 2 2 0 1 210 257 315
212 2 2 0 1 224 162 295
213 2 2 0 1 292 82 305
214 2 2 0 1 234 179 307
215 2 2 0 1 271 107 345
216 2 2 0 1 222 145 223
217 2 2 0 1 95 94 236
218 2 2 0 1 218 197 271
219 2 2 0 1 191 193 289
220 2 2 0 1 258 75 291
221 2 2 0 1 225 226 236
222 2 2 0 1 14 57 164
223 2 2 0 1 166 274 275
224 2 2 0 1 256 190 289
225 2 2 0 1 196 199 231
226 2 2 0 1 103 245 342
227 2 2 0 1 14 164 276
228 2 2 0 1 243 146 282
229 2 2 0 1 179 234 337
230 2 2 0 1 41 40 256
231 2 2 0 1 195 194 205
232 2 2 0 1 188 254 325
233 2 2 0 1 63 62 231
234 2 2 0 1 183 223 249
235 2 2 0 1 79 94 95
236 2 2 0 1 281 103 342
237 2 2 0 1 77 196 231
238 2 2 0 1 245 131 315
239 2 2 0 1 38 7 180
240 2 2 0 1 219 133 323
241 2 2 0 1 47 46 234
242 2 2 0 1 79 45 94
243 2 2 0 1 67 221 291
244 2 2 0 1 87 63 231
245 2 2 0 1 3 25 232
246 2 2 0 1 225 70 226
247 2 2 0 1 295 162 303
248 2 2 0 1 126 139 283
249 2 2 0 1 224 80 296
250 2 2 0 1 62 77 231
251 2 2 0 1 296 284 299
252 2 2 0 1 75 258 261
253 2 2 0 1 133 219 329
254 2 2 0 1 146 243 308
255 2 2 0 1 221 215 291
256 2 2 0 1 96 95 97
257 2 2 0 1 220 144 271
258 2 2 0 1 139 247 283
259 2 2 0 1 97 98 99
260 2 2 0 1 16 63 87
261 2 2 0 1 97 95 98
262 2 2 0 1 30 29 88
263 2 2 0 1 169 165 257
264 2 2 0 1 205 206 207
265 2 2 0 1 257 175 315
266 2 2 0 1 184 185 186
267 2 2 0 1 276 169 285
268 2 2 0 1 40 255 256
269 2 2 0 1 189 183 249
270 2 2 0 1 238 85 239
271 2 2 0 1 86 182 255
272 2 2 0 1 2 23 238
273 2 2 0 1 71 41 256
274 2 2 0 1 88 29 248
275 2 2 0 1 164 165 169
276 2 2 0 1 206 90 304
277 2 2 0 1 80 284 296
278 2 2 0 1 191 192 193
279 2 2 0 1 182 190 255
280 2 2 0 1 166 81 274
281 2 2 0 1 254 72 325
282 2 2 0 1 23 85 238
283 2 2 0 1 181 180 184
284 2 2 0 1 102 100 287
285 2 2 0 1 52 84 251
286 2 2 0 1 80 224 295
287 2 2 0 1 86 181 182
288 2 2 0 1 226 70 227
289 2 2 0 1 79 95 96
290 2 2 0 1 77 195 196
291 2 2 0 1 257 210 328
292 2 2 0 1 52 12 84
293 2 2 0 1 146 135 250
294 2 2 0 1 196 195 197
295 2 2 0 1 100 151 287
296 2 2 0 1 46 45 79
297 2 2 0 1 25 78 232
298 2 2 0 1 149 152 154
299 2 2 0 1 157 148 253
300 2 2 0 1 207 206 208
301 2 2 0 1 35 6 72
302 2 2 0 1 135 137 250
303 2 2 0 1 53 52 251
304 2 2 0 1 23 22 85
305 2 2 0 1 99 100 101
306 2 2 0 1 135 130 136
307 2 2 0 1 268 265 324
308 2 2 0 1 239 240 241
309 2 2 0 1 110 108 140
310 2 2 0 1 140 108 252
311 2 2 0 1 46 79 234
312 2 2 0 1 39 86 255
313 2 2 0 1 239 241 243
314 2 2 0 1 165 167 257
315 2 2 0 1 245 315 342
316 2 2 0 1 196 197 198
317 2 2 0 1 128 126 283
318 2 2 0 1 239 85 240
319 2 2 0 1 48 10 83
320 2 2 0 1 8 41 71
321 2 2 0 1 153 162 224
322 2 2 0 1 99 98 100
323 2 2 0 1 130 128 279
324 2 2 0 1 218 141 335
325 2 2 0 1 149 154 155
326 2 2 0 1 134 130 135
327 2 2 0 1 61 60 194
328 2 2 0 1 186 185 187
329 2 2 0 1 147 150 153
330 2 2 0 1 198 197 218
331 2 2 0 1 137 149 250
332 2 2 0 1 164 81 165
333 2 2 0 1 201 200 202
334 2 2 0 1 248 28 297
335 2 2 0 1 193 192 246
336 2 2 0 1 241 240 242
337 2 2 0 1 153 158 162
338 2 2 0 1 153 224 253
339 2 2 0 1 39 38 86
340 2 2 0 1 62 61 77
341 2 2 0 1 101 104 131
342 2 2 0 1 203 202 204
343 2 2 0 1 255 190 256
344 2 2 0 1 108 106 252
345 2 2 0 1 201 202 203
346 2 2 0 1 202 200 219
347 2 2 0 1 147 136 150
348 2 2 0 1 44 43 70
349 2 2 0 1 199 198 200
350 2 2 0 1 203 204 211
351 2 2 0 1 90 15 304
352 2 2 0 1 141 219 335
353 2 2 0 1 211 204 212
354 2 2 0 1 167 170 175
355 2 2 0 1 184 186 222
356 2 2 0 1 219 141 329
357 2 2 0 1 137 136 147
358 2 2 0 1 187 185 188
359 2 2 0 1 199 200 201
360 2 2 0 1 97 99 103
361 2 2 0 1 126 124 139
362 2 2 0 1 111 110 112
363 2 2 0 1 36 254 270
364 2 2 0 1 137 148 149
365 2 2 0 1 250 155 282
366 2 2 0 1 113 112 114
367 2 2 0 1 122 120 145
368 2 2 0 1 196 198 199
369 2 2 0 1 182 181 183
370 2 2 0 1 20 76 269
371 2 2 0 1 40 39 255
372 2 2 0 1 153 150 158
373 2 2 0 1 154 152 161
374 2 2 0 1 117 116 118
375 2 2 0 1 94 225 236
376 2 2 0 1 266 265 268
377 2 2 0 1 211 212 213
378 2 2 0 1 115 114 116
379 2 2 0 1 111 112 113
380 2 2 0 1 35 72 254
381 2 2 0 1 20 19 76
382 2 2 0 1 25 24 78
383 2 2 0 1 167 175 257
384 2 2 0 1 147 153 253
385 2 2 0 1 243 233 347
386 2 2 0 1 155 154 156
387 2 2 0 1 36 35 254
388 2 2 0 1 47 234 307
389 2 2 0 1 119 118 120
390 2 2 0 1 109 110 111
391 2 2 0 1 113 114 115
392 2 2 0 1 116 114 142
393 2 2 0 1 213 212 214
394 2 2 0 1 135 136 137
395 2 2 0 1 109 108 110
396 2 2 0 1 99 101 245
397 2 2 0 1 115 116 117
398 2 2 0 1 264 262 265
399 2 2 0 1 125 124 126
400 2 2 0 1 123 122 124
401 2 2 0 1 129 128 130
402 2 2 0 1 214 212 217
403 2 2 0 1 152 148 157
404 2 2 0 1 101 102 104
405 2 2 0 1 100 98 151
406 2 2 0 1 261 263 298
407 2 2 0 1 213 214 215
408 2 2 0 1 117 118 119
409 2 2 0 1 121 120 122
410 2 2 0 1 148 147 253
411 2 2 0 1 106 102 287
412 2 2 0 1 215 214 216
413 2 2 0 1 115 117 272
414 2 2 0 1 17 68 75
415 2 2 0 1 37 36 270
416 2 2 0 1 127 126 128
417 2 2 0 1 215 216 258
418 2 2 0 1 264 265 266
419 2 2 0 1 107 108 109
420 2 2 0 1 259 216 260
421 2 2 0 1 21 20 269
422 2 2 0 1 149 148 152
423 2 2 0 1 107 106 108
424 2 2 0 1 104 105 144
425 2 2 0 1 113 115 133
426 2 2 0 1 66 65 74
427 2 2 0 1 213 215 221
428 2 2 0 1 73 37 270
429 2 2 0 1 258 216 259
430 2 2 0 1 133 115 272
431 2 2 0 1 88 248 302
432 2 2 0 1 101 131 245
433 2 2 0 1 134 135 146
434 2 2 0 1 119 120 121
435 2 2 0 1 154 161 292
436 2 2 0 1 72 311 325
437 2 2 0 1 7 37 73
438 2 2 0 1 158 159 160
439 2 2 0 1 74 65 273
440 2 2 0 1 65 64 273
441 2 2 0 1 121 122 123
442 2 2 0 1 96 97 278
443 2 2 0 1 123 124 125
444 2 2 0 1 182 183 189
445 2 2 0 1 109 111 141
446 2 2 0 1 119 121 132
447 2 2 0 1 93 21 269
448 2 2 0 1 190 189 191
449 2 2 0 1 137 147 148
450 2 2 0 1 141 218 345
451 2 2 0 1 182 189 190
452 2 2 0 1 1 21 93
453 2 2 0 1 27 26 82
454 2 2 0 1 167 168 170
455 2 2 0 1 123 125 138
456 2 2 0 1 7 73 180
457 2 2 0 1 125 126 127
458 2 2 0 1 158 150 159
459 2 2 0 1 129 130 134
460 2 2 0 1 263 262 264
461 2 2 0 1 165 166 167
462 2 2 0 1 160 159 247
463 2 2 0 1 105 106 107
464 2 2 0 1 127 128 129
465 2 2 0 1 55 54 89
466 2 2 0 1 174 177 178
467 2 2 0 1 264 266 267
468 2 2 0 1 167 166 168
469 2 2 0 1 171 168 172
470 2 2 0 1 176 173 235
471 2 2 0 1 279 128 283
472 2 2 0 1 56 55 274
473 2 2 0 1 33 32 80
474 2 2 0 1 170 168 171
475 2 2 0 1 57 56 81
476 2 2 0 1 258 259 261
477 2 2 0 1 59 58 69
478 2 2 0 1 155 163 282
479 2 2 0 1 261 259 262
480 2 2 0 1 57 81 164
481 2 2 0 1 171 172 173
482 2 2 0 1 218 271 345
483 2 2 0 1 136 130 279
484 2 2 0 1 146 250 282
485 2 2 0 1 152 157 277
486 2 2 0 1 265 262 288
487 2 2 0 1 129 134 143
488 2 2 0 1 103 99 245
489 2 2 0 1 149 155 250
490 2 2 0 1 229 227 230
491 2 2 0 1 253 224 296
492 2 2 0 1 261 262 263
493 2 2 0 1 150 136 279
494 2 2 0 1 207 208 209
495 2 2 0 1 274 89 275
496 2 2 0 1 178 177 179
497 2 2 0 1 243 241 308
498 2 2 0 1 175 170 281
499 2 2 0 1 55 89 274
500 2 2 0 1 259 260 288
501 2 2 0 1 170 171 280
502 2 2 0 1 101 100 102
503 2 2 0 1 79 96 234
504 2 2 0 1 51 50 91
505 2 2 0 1 209 208 210
506 2 2 0 1 159 150 279
507 2 2 0 1 81 56 274
508 2 2 0 1 227 70 294
509 2 2 0 1 174 178 280
510 2 2 0 1 226 227 228
511 2 2 0 1 228 227 229
512 2 2 0 1 32 31 284
513 2 2 0 1 169 257 328
514 2 2 0 1 171 173 174
515 2 2 0 1 170 280 281
516 2 2 0 1 105 102 106
517 2 2 0 1 72 6 303
518 2 2 0 1 247 159 283
519 2 2 0 1 252 106 287
520 2 2 0 1 174 173 176
521 2 2 0 1 75 261 298
522 2 2 0 1 71 256 289
523 2 2 0 1 104 102 105
524 2 2 0 1 60 90 194
525 2 2 0 1 159 279 283
526 2 2 0 1 68 67 291
527 2 2 0 1 155 156 163
528 2 2 0 1 161 152 277
529 2 2 0 1 80 32 284
530 2 2 0 1 177 176 244
531 2 2 0 1 70 43 294
532 2 2 0 1 165 81 166
533 2 2 0 1 97 103 278
534 2 2 0 1 201 203 286
535 2 2 0 1 298 263 320
536 2 2 0 1 174 176 177
537 2 2 0 1 171 174 280
538 2 2 0 1 31 5 92
539 2 2 0 1 262 259 288
540 2 2 0 1 83 244 321
541 2 2 0 1 123 138 293
542 2 2 0 1 132 121 293
543 2 2 0 1 69 276 285
544 2 2 0 1 58 14 276
545 2 2 0 1 3 232 305
546 2 2 0 1 214 217 301
547 2 2 0 1 8 71 306
548 2 2 0 1 260 216 301
549 2 2 0 1 229 230 290
550 2 2 0 1 69 58 276
551 2 2 0 1 284 92 299
552 2 2 0 1 31 92 284
553 2 2 0 1 33 80 295
554 2 2 0 1 13 53 300
555 2 2 0 1 235 84 319
556 2 2 0 1 28 27 297
557 2 2 0 1 75 68 291
558 2 2 0 1 2 238 316
559 2 2 0 1 240 85 343
560 2 2 0 1 162 158 311
561 2 2 0 1 83 10 307
562 2 2 0 1 242 267 334
563 2 2 0 1 54 13 300
564 2 2 0 1 285 208 339
565 2 2 0 1 53 251 300
566 2 2 0 1 22 1 343
567 2 2 0 1 1 93 343
568 2 2 0 1 48 83 321
569 2 2 0 1 6 34 303
570 2 2 0 1 156 154 292
571 2 2 0 1 157 296 299
572 2 2 0 1 272 117 312
573 2 2 0 1 119 132 312
574 2 2 0 1 26 3 305
575 2 2 0 1 10 47 307
576 2 2 0 1 43 42 294
577 2 2 0 1 121 123 293
578 2 2 0 1 157 253 296
579 2 2 0 1 230 227 294
580 2 2 0 1 11 49 313
581 2 2 0 1 76 19 320
582 2 2 0 1 143 134 308
583 2 2 0 1 202 219 323
584 2 2 0 1 217 212 317
585 2 2 0 1 24 2 316
586 2 2 0 1 34 33 295
587 2 2 0 1 127 268 324
588 2 2 0 1 18 17 298
589 2 2 0 1 15 59 304
590 2 2 0 1 27 82 297
591 2 2 0 1 17 75 298
592 2 2 0 1 50 11 313
593 2 2 0 1 208 206 339
594 2 2 0 1 234 96 337
595 2 2 0 1 239 243 347
596 2 2 0 1 198 218 335
597 2 2 0 1 84 12 319
598 2 2 0 1 219 200 335
599 2 2 0 1 51 91 319
600 2 2 0 1 89 54 300
601 2 2 0 1 141 111 329
602 2 2 0 1 113 133 329
603 2 2 0 1 206 304 339
604 2 2 0 1 216 214 301
605 2 2 0 1 125 127 324
606 2 2 0 1 294 42 306
607 2 2 0 1 277 157 299
608 2 2 0 1 251 84 310
609 2 2 0 1 264 267 330
610 2 2 0 1 176 235 327
611 2 2 0 1 273 64 346
612 2 2 0 1 109 141 345
613 2 2 0 1 252 287 340
614 2 2 0 1 233 78 316
615 2 2 0 1 59 69 304
616 2 2 0 1 300 251 318
617 2 2 0 1 71 289 322
618 2 2 0 1 76 320 330
619 2 2 0 1 286 273 346
620 2 2 0 1 82 26 305
621 2 2 0 1 42 8 306
622 2 2 0 1 230 294 306
623 2 2 0 1 292 161 333
624 2 2 0 1 178 278 326
625 2 2 0 1 280 178 326
626 2 2 0 1 242 240 309
627 2 2 0 1 278 178 337
628 2 2 0 1 247 187 348
629 2 2 0 1 158 160 311
630 2 2 0 1 16 87 346
631 2 2 0 1 93 269 309
632 2 2 0 1 178 179 337
633 2 2 0 1 134 146 308
634 2 2 0 1 117 119 312
635 2 2 0 1 18 298 320
636 2 2 0 1 330 267 344
637 2 2 0 1 299 92 314
638 2 2 0 1 246 140 332
639 2 2 0 1 89 300 318
640 2 2 0 1 143 334 338
641 2 2 0 1 91 50 313
642 2 2 0 1 228 229 336
643 2 2 0 1 34 295 303
644 2 2 0 1 78 24 316
645 2 2 0 1 143 331 334
646 2 2 0 1 251 310 318
647 2 2 0 1 306 71 322
648 2 2 0 1 248 297 302
649 2 2 0 1 212 204 317
650 2 2 0 1 12 51 319
651 2 2 0 1 267 266 334
652 2 2 0 1 208 285 328
653 2 2 0 1 275 89 318
654 2 2 0 1 309 269 344
655 2 2 0 1 19 18 320
656 2 2 0 1 317 204 323
657 2 2 0 1 49 48 321
658 2 2 0 1 161 277 341
659 2 2 0 1 87 286 346
660 2 2 0 1 204 202 323
661 2 2 0 1 143 308 331
662 2 2 0 1 88 302 341
663 2 2 0 1 290 230 322
664 2 2 0 1 210 208 328
665 2 2 0 1 313 49 321
666 2 2 0 1 138 125 324
667 2 2 0 1 187 188 348
668 2 2 0 1 277 299 314
669 2 2 0 1 161 302 333
670 2 2 0 1 320 263 330
671 2 2 0 1 304 69 339
672 2 2 0 1 241 242 331
673 2 2 0 1 111 113 329
674 2 2 0 1 244 176 327
675 2 2 0 1 140 252 336
676 2 2 0 1 238 239 347
677 2 2 0 1 281 280 326
678 2 2 0 1 263 264 330
679 2 2 0 1 188 325 348
680 2 2 0 1 278 103 326
681 2 2 0 1 85 22 343
682 2 2 0 1 230 306 322
683 2 2 0 1 103 281 326
684 2 2 0 1 302 161 341
685 2 2 0 1 200 198 335
686 2 2 0 1 233 316 347
687 2 2 0 1 325 160 348
688 2 2 0 1 266 268 338
689 2 2 0 1 269 76 344
690 2 2 0 1 229 290 332
691 2 2 0 1 107 109 345
692 2 2 0 1 69 285 339
693 2 2 0 1 64 16 346
694 2 2 0 1 96 278 337
695 2 2 0 1 160 247 348
696 2 2 0 1 175 281 342
697 2 2 0 1 287 151 340
698 2 2 0 1 82 292 333
699 2 2 0 1 308 241 331
700 2 2 0 1 76 330 344
701 2 2 0 1 285 169 328
702 2 2 0 1 316 238 347
703 2 2 0 1 297 82 333
704 2 2 0 1 311 160 325
705 2 2 0 1 302 297 333
706 2 2 0 1 315 175 342
707 2 2 0 1 277 314 341
708 2 2 0 1 314 88 341
709 2 2 0 1 334 266 338
710 2 2 0 1 229 332 336
711 2 2 0 1 331 242 334
712 2 2 0 1 332 140 336
$EndElements
