$MeshFormat
2.2 0 8
$EndMeshFormat
$Nodes
959
1 742.7 1103.3 0
2 730.9 1041.3 0
3 630.7 787.6 0
4 476.9 643.9 0
5 365.8 575.6 0
6 167.1 533.2 0
7 161 455.2 0
8 149.3 454.4 0
9 141.6 438.2 0
10 134.7 427.9 0
11 122.6 421.2 0
12 121.1 416.2 0
13 102.5 412.6 0
14 62.2 413.3 0
15 52.8 332 0
16 49.6 325.9 0
17 56.5 319.3 0
18 95.09999999999999 318 0
19 100.4 322.7 0
20 219.5 312.7 0
21 307.2 312.1 0
22 412.1 296.8 0
23 403.7 221.4 0
24 389.7 163.5 0
25 458.3 142.7 0
26 494.3 142.1 0
27 542.6 126.8 0
28 551.4 151.5 0
29 561.9 145.7 0
30 584 195.8 0
31 610.8 183 0
32 629.5 181.8 0
33 679.6 194.7 0
34 680.4 189.9 0
35 685.4 188.6 0
36 685.2 194 0
37 683.3 196.1 0
38 701.7 200.3 0
39 732.6 217.3 0
40 746 247.2 0
41 754.1 284.5 0
42 755.5 281.8 0
43 758.4 281.9 0
44 757.5 286.1 0
45 754.5 288 0
46 770.7 325.8 0
47 770.5 343.6 0
48 780.6 373.2 0
49 780.9 385.7 0
50 787.4 399.1 0
51 793 428.5 0
52 794.5 480.1 0
53 790.2 485.5 0
54 790.6 529.9 0
55 797.8 543.7 0
56 782.7 612.7 0
57 782.7 639.4 0
58 796.6 686.1 0
59 807.3 702.5 0
60 844.8 701.9 0
61 860.6 771.2 0
62 871.9 830.3 0
63 872.2 845 0
64 860.2 892 0
65 847.5 919.6 0
66 847.5 950.5 0
67 840.5 979.6 0
68 854.6 1036.5 0
69 864.9 1082.6 0
70 862.9 1085.5 0
71 865.5 1085.1 0
72 864.6 1088.1 0
73 861.2 1090.3 0
74 856.9 1096.7 0
75 839.8 1099.7 0
76 814 1107 0
77 786.2 1106.3 0
78 760.9 1111.2 0
79 759.2 1114.7 0
80 749.2 1116.3 0
81 742.4 1118.8 0
82 732.4 1119.8 0
83 728.2 1113.6 0
84 725.2 1115.5 0
85 719.5 1112.9 0
86 724.4 1109.5 0
87 727.4 1110.6 0
88 727.4 1106.1 0
89 738.7666666666667 1082.633333333333 0
90 734.8333333333334 1061.966666666667 0
91 720.88 1015.93 0
92 710.86 990.5599999999999 0
93 700.84 965.1900000000001 0
94 690.8200000000001 939.8200000000002 0
95 680.8000000000001 914.4500000000002 0
96 670.78 889.08 0
97 660.76 863.71 0
98 650.74 838.3399999999999 0
99 640.72 812.9699999999998 0
100 611.475 769.6374999999999 0
101 592.25 751.675 0
102 573.025 733.7124999999999 0
103 553.7999999999998 715.7499999999998 0
104 534.5749999999998 697.7874999999998 0
105 515.3499999999999 679.8249999999998 0
106 496.1249999999999 661.8625 0
107 454.6799999999999 630.24 0
108 432.46 616.5799999999999 0
109 410.24 602.92 0
110 388.02 589.26 0
111 337.4142857142857 569.5428571428572 0
112 309.0285714285714 563.4857142857143 0
113 280.6428571428571 557.4285714285714 0
114 252.2571428571428 551.3714285714286 0
115 223.8714285714286 545.3142857142858 0
116 195.4857142857143 539.2571428571429 0
117 165.0666666666667 507.2 0
118 163.0333333333333 481.1999999999999 0
119 82.35000000000002 412.95 0
120 59.06666666666667 386.2 0
121 55.93333333333333 359.1 0
122 75.80000000000001 318.65 0
123 130.1750000000001 320.2 0
124 159.95 317.7 0
125 189.725 315.2 0
126 248.7333333333333 312.5 0
127 277.9666666666665 312.3 0
128 333.425 308.275 0
129 359.65 304.45 0
130 385.875 300.625 0
131 409.3 271.6666666666667 0
132 406.5 246.5333333333333 0
133 396.7 192.4499999999999 0
134 412.5666666666667 156.5666666666667 0
135 435.4333333333333 149.6333333333333 0
136 476.3 142.4 0
137 518.45 134.45 0
138 572.95 170.75 0
139 654.5500000000001 188.25 0
140 717.15 208.8 0
141 739.3000000000001 232.25 0
142 750.0500000000001 265.85 0
143 762.6 306.9 0
144 775.55 358.4 0
145 793.75 454.3 0
146 790.4000000000001 507.7 0
147 792.7666666666667 566.7 0
148 787.7333333333333 589.7 0
149 789.6500000000001 662.75 0
150 826.05 702.1999999999999 0
151 850.0666666666666 725 0
152 855.3333333333334 748.1 0
153 866.25 800.75 0
154 866.2 868.5 0
155 853.85 905.8 0
156 847.5 935.05 0
157 847.55 1008.05 0
158 859.75 1059.55 0
159 745.7716296690051 287.2246708949709 0
160 760.5367799573916 357.1037831500104 0
161 777.4801895048179 496.1463742632368 0
162 477.1494881784883 618.6003364128575 0
163 676.6928437238573 204.4719832644045 0
164 766.6929689806062 597.6122282796217 0
165 388.3807831970915 563.9801602522762 0
166 147.0700616589798 427.0744247138874 0
167 540.5184813154777 672.156911612244 0
168 843.5828493035465 893.7236569633079 0
169 402.0086228706884 320.8810235039571 0
170 427.571815923505 317.3895905671191 0
171 417.9942296334281 340.8296136643023 0
172 443.01090251406 337.4436957176746 0
173 777.0293496664824 417.1286585580673 0
174 433.6551334260938 360.4735984096881 0
175 458.2957928384342 356.9593662429137 0
176 597.1232630043567 725.3657308632288 0
177 449.0927687342613 379.7160855723355 0
178 473.0937285786872 376.2372976340437 0
179 424.7485172498689 383.5393699327186 0
180 464.6940407160793 398.2499247774137 0
181 487.946749501639 394.8904215979879 0
182 498.360643884741 372.7032675463228 0
183 511.2278791782343 392.8009798464441 0
184 502.2765905431167 413.1589336601187 0
185 524.7219705858521 409.99369954471 0
186 533.3962362229414 390.0958692971227 0
187 546.4772984552427 406.6812936189666 0
188 554.8292017444696 388.2533631426766 0
189 567.6294104825114 403.6627040757828 0
190 575.3926547251377 384.8889084354703 0
191 587.7744736140655 400.902269110042 0
192 580.2407002550584 419.4911058614521 0
193 595.4903462909806 382.7131498693469 0
194 600.127486052124 416.7510276738096 0
195 592.7340735435831 435.1856815292755 0
196 612.3554670890188 432.3801755570266 0
197 605.0928605580549 450.6916895665368 0
198 624.4654930198938 447.7053824739663 0
199 617.3850055467872 466.0423139279334 0
200 597.6914839070748 469.1348649986017 0
201 610.2346975408295 484.7149549729588 0
202 629.8189083305608 481.5166420620752 0
203 622.8515555409901 500.1236652859677 0
204 630.5610555137471 429.5529667213541 0
205 265.2385063729236 337.2149966003412 0
206 787.580328494523 703.4508721438092 0
207 642.3525361382046 497.0284868129488 0
208 635.2199091071338 515.5975813078153 0
209 857.6535635565854 837.8663102344387 0
210 590.1822920054655 488.0096006982457 0
211 764.7526508457688 654.9067685063371 0
212 561.4499318825037 367.740711157507 0
213 654.8264114485512 512.1926731422232 0
214 647.9258000201175 531.1457957944317 0
215 661.6261846569195 494.035273723504 0
216 298.8872075684848 538.7621478829467 0
217 627.4540316740547 534.5356457133198 0
218 640.6413970782571 550.9043603829243 0
219 674.197594592204 842.3125053469378 0
220 488.3626152599755 158.5669411554436 0
221 834.2321145398828 927.325 0
222 428.1717542259493 256.3818825081148 0
223 181.7174612427028 467.4146766482438 0
224 673.7984834688361 508.6807021061256 0
225 680.1536745792127 491.2792368971932 0
226 619.3120377460071 554.2340711468169 0
227 633.0742540212191 571.2383310973605 0
228 729.3665783554911 243.1510756898821 0
229 323.1854563249805 332.7312575423001 0
230 842.3411676054843 789.4677238795159 0
231 705.7328184436572 919.8880498920814 0
232 692.2383285726346 505.5920574234434 0
233 698.3314174084489 488.7347996485835 0
234 516.2748663267705 430.9230858161076 0
235 244.3205443467245 522.0692854125942 0
236 611.362415661462 574.7173462479852 0
237 625.1958295514821 592.1227375586244 0
238 647.3998183654551 588.395287881305 0
239 639.3958903065349 609.8169746917331 0
240 620.9293441476256 196.8695764205491 0
241 725.1709939470786 968.4487171958488 0
242 597.431020615589 557.2839912680248 0
243 686.826620262764 474.785407985611 0
244 704.2065400470151 472.2587576418369 0
245 693.4169316427542 458.9675227686162 0
246 662.6356935611532 605.8556762423633 0
247 654.4429721940999 627.7295476521533 0
248 710.0722047474843 456.4321224788234 0
249 699.629437113584 443.3788150594097 0
250 750.3885585119767 1048.291283093717 0
251 589.2698804362416 578.1909323619079 0
252 575.1681234983405 560.4250550722601 0
253 467.1920972213214 334.7964786674505 0
254 685.9603960237951 522.7557695951887 0
255 703.9638785139856 519.3575401360096 0
256 657.2918718498244 791.76113890677 0
257 697.8936552141282 536.6138505924237 0
258 716.4728716818977 533.2312753332824 0
259 430.4216301735725 588.6177850500961 0
260 798.4202260323798 719.9696897124577 0
261 778.2087502084512 721.1289537474507 0
262 493.6745497993048 434.2763965677684 0
263 507.1207267589536 452.027483031856 0
264 484.8567104454735 455.6244164024251 0
265 498.5093865462552 473.6169622205762 0
266 476.0211687063104 477.3040725807498 0
267 490.6186902902611 495.7892144540215 0
268 566.7332712593054 581.3488281939404 0
269 552.3713948425503 563.5805231027649 0
270 557.3864806714989 189.6552912158081 0
271 567.7471734719019 216.4822264282135 0
272 542.2802571541781 213.6695502439998 0
273 552.8095711575833 237.4284810248679 0
274 577.3784278263637 240.4037439147085 0
275 562.80305354827 260.4338925561474 0
276 586.921029803085 262.6541385319732 0
277 538.3437160852225 257.8154685363615 0
278 630.9179844466572 631.6114232545792 0
279 646.0183839820381 649.9748550723572 0
280 669.6757007247439 646.0014784546411 0
281 661.3224814691739 668.5368954024755 0
282 709.8547914351921 550.7783277281293 0
283 467.1988911756384 499.367141564638 0
284 452.4064127689332 480.4992899671354 0
285 483.1718290914688 516.9432449458793 0
286 715.9699301513235 440.7876504629151 0
287 705.6979260416534 427.9815303318213 0
288 726.205658593668 453.5025209460065 0
289 113.2929179207242 401.8682501372064 0
290 179.9919883518793 341.6999803991771 0
291 715.0114052347337 485.4732134249404 0
292 548.6332269518181 279.9445451852534 0
293 789.5871715694965 738.3448337897333 0
294 768.5953909733828 739.6637202128068 0
295 757.1323204553404 721.7018727907847 0
296 746.9079791019096 740.6944329127889 0
297 758.8437558623998 759.3844662537697 0
298 735.3995073726254 721.9144948648009 0
299 129.7610372457402 404.4538983040844 0
300 721.7874214790716 425.6004569357898 0
301 711.6354796845442 412.8161126767309 0
302 695.3947120605335 415.146512786661 0
303 701.418978130647 399.9001770801581 0
304 685.0221268816086 402.2818046561724 0
305 691.1061049003106 386.9552283875608 0
306 674.6338015743631 389.3257723004851 0
307 680.8017993764779 374.016731543567 0
308 696.1229637343778 372.2244578999134 0
309 686.5091060261282 358.7357367923607 0
310 670.4556189821884 361.1166188469559 0
311 676.6979655476787 345.5383720387342 0
312 660.0388414752256 347.9352056536588 0
313 666.4510338069111 331.8971454557145 0
314 692.6294001459755 345.0216274597594 0
315 649.0864071849612 334.3973285317173 0
316 655.8380093428797 318.0036421378126 0
317 673.4588285699377 315.6319889536296 0
318 662.7366370012201 301.7107184984621 0
319 679.9881900783364 299.1025295005215 0
320 669.6078512749961 285.6723725319404 0
321 637.8172141213911 320.4272512612592 0
322 717.3304526900738 398.9267867124393 0
323 515.0126058393591 491.0906885438914 0
324 736.3127922799976 760.5830904781124 0
325 748.8024979022214 779.8578821271767 0
326 653.9029356950748 363.431999277763 0
327 683.8496907495573 664.0093230477053 0
328 676.7475503766539 687.0274795578574 0
329 692.9901048979965 641.7956191404181 0
330 652.0544515394433 287.5458449023189 0
331 658.9717586289601 270.8613241663493 0
332 686.5274589724373 283.6795145431033 0
333 696.6536727834507 296.5804980966452 0
334 524.2256547452533 277.8841114688121 0
335 513.7952963334849 255.55345388353 0
336 534.4802668109826 299.7795663856469 0
337 558.215946425547 301.76139404332 0
338 819.8251092298306 999.0474497173248 0
339 622.2132645297402 653.8185199276021 0
340 577.7737811478099 472.1278287910299 0
341 392.7923123141587 344.6637440019352 0
342 440.6002339044674 504.0959783929827 0
343 428.2106029740498 483.6790764540065 0
344 800.5428474965065 1083.935732130825 0
345 116.911297632096 340.7894297982613 0
346 728.3156302087074 547.5106719048032 0
347 734.9740419227437 529.8607074435846 0
348 560.7383244982882 542.5296399285902 0
349 543.7696370901226 584.8613599799564 0
350 750.9033195766216 321.8549010308215 0
351 630.9451818234335 337.4956230556135 0
352 618.6156329829316 322.0450100657882 0
353 579.9607126160845 598.7163795885058 0
354 499.7568339798046 275.7356045681092 0
355 682.6572393742947 445.0365490788614 0
356 771.7640318125372 778.3633703423249 0
357 761.7709536838005 799.3506481318791 0
358 529.1484361073011 566.7737993520633 0
359 437.548954161203 460.8263334610118 0
360 412.7426506183366 463.8471345856251 0
361 403.0184674573184 486.231380544668 0
362 387.3857030259359 466.8222641982064 0
363 378.6651776076027 490.0223864688184 0
364 361.9977325130901 470.3017989326829 0
365 371.8455575852488 446.2833998612422 0
366 346.0997059256778 449.7506469770665 0
367 356.2557601934561 425.6395598027689 0
368 330.3871995492736 428.9914579297475 0
369 320.1367263053827 453.1661343237794 0
370 304.2646549591965 432.4777823537155 0
371 293.9814773343514 456.1453442131478 0
372 278.4134652796433 435.1484301199675 0
373 288.7226967980358 411.9034380596264 0
374 263.577110649371 415.6014981959937 0
375 253.8022710351962 437.2152667569563 0
376 239.9867755691998 419.047175546182 0
377 230.5277632804544 439.6466515703899 0
378 217.7484684762572 422.3434419886265 0
379 226.3284581621155 401.4729580794392 0
380 204.6553844363717 405.2445951211217 0
381 725.461452222305 781.1266197268249 0
382 713.180936173128 761.5567025359303 0
383 812.3921176736141 973.3951225852092 0
384 794.2232524285607 991.1808585989768 0
385 702.8759434644692 281.4588259461889 0
386 694.1799983852161 266.8902485641916 0
387 746.5061587821571 544.5101452479944 0
388 243.3080775312231 457.4418620188093 0
389 721.9664292553334 564.2574241927931 0
390 788.7214482877098 966.8866727988084 0
391 340.6316224282488 404.9146849351116 0
392 769.7247034471386 379.7504448148002 0
393 197.0725185727334 424.7207810127423 0
394 184.6746211279414 409.0568857402404 0
395 569.5135115262592 490.587744526722 0
396 641.3701118167389 272.3622730217111 0
397 648.071288582128 255.3331095494271 0
398 423.549504129109 197.6425711262794 0
399 489.2145107786709 253.3248264342635 0
400 712.1366184898245 294.25707578768 0
401 706.2801486770269 308.4924308314567 0
402 123.1501387389352 389.3109115088586 0
403 140.5024914617723 392.7787500266589 0
404 692.7798763273746 555.8016595349103 0
405 652.9091108344128 691.2346125141918 0
406 669.1700451055269 709.7615753253065 0
407 702.0079934229246 217.9361747139033 0
408 798.4460430962642 1016.016031874378 0
409 786.0705841684291 798.2591789666425 0
410 775.7773144122551 819.375461525233 0
411 751.7572470449476 820.2311949209653 0
412 764.6031535773326 839.4880440198057 0
413 790.0917056752862 839.5283819862055 0
414 776.8044296229212 858.7521496046246 0
415 754.0551571755191 859.6024332057536 0
416 766.4378807222942 878.5209453290563 0
417 789.0782539545244 877.6334506054671 0
418 778.5504642236798 896.9282117469395 0
419 450.8957047287869 163.7966739294217 0
420 704.2391939355232 662.0481163182603 0
421 718.7582469682571 640.893049179526 0
422 668.3919760633109 404.9602120952194 0
423 533.3232001630446 191.4568431165286 0
424 718.5558549825225 279.8858108088075 0
425 800.6366010822197 896.3691284790236 0
426 810.7915102685512 877.3536284211091 0
427 647.1497901065223 771.5337563436275 0
428 212.2282642609102 383.9947331740522 0
429 611.5740264435916 341.6909736763159 0
430 366.4532090434852 401.642187663923 0
431 221.9836874318854 459.8061851185118 0
432 352.3402244616507 496.1864699101026 0
433 599.1326138743005 243.7607335198135 0
434 529.2958659507617 447.3344408007109 0
435 544.9583905501119 321.8003214485387 0
436 521.1102122642917 319.1680088688889 0
437 109.2411903082619 387.3991577198524 0
438 789.6565325795132 912.9128849030612 0
439 768.507894615306 916.3923950759436 0
440 751.8591055250345 526.7472940266745 0
441 740.1303427900227 511.3640038838998 0
442 422.3411823208033 441.1463621830717 0
443 846.1377326144623 1086.740600013962 0
444 566.6134794954041 325.9135424842705 0
445 583.280808639303 307.2900332606491 0
446 745.9839793814671 702.5049636836114 0
447 779.9810836568279 1007.171089328238 0
448 643.148301204507 445.6461455905709 0
449 531.6990353564338 340.9874206978822 0
450 743.5079125589089 879.8918901223396 0
451 730.7137513638075 860.1431476659615 0
452 475.2180273161706 273.4788217478629 0
453 351.1599548349681 379.6428341268881 0
454 322.1522101966947 380.1099181682939 0
455 701.750505960503 620.1283816933293 0
456 518.4383141053447 213.4541553169862 0
457 782.6046675071912 544.9098704612429 0
458 794.8623704362562 776.6820384801993 0
459 518.9193676453937 589.5785531928228 0
460 505.1931694223882 569.387975867078 0
461 535.03791939762 606.462311564851 0
462 723.4201397767835 702.7911192548174 0
463 134.5754354061693 375.4684737338689 0
464 157.0185107705105 380.8112024726458 0
465 720.9230721931063 306.5322257927498 0
466 716.0471320177048 320.4593041856298 0
467 276.6214190387116 389.3523334967198 0
468 234.3118256152159 476.8221358621084 0
469 213.1705663029779 478.7668437796574 0
470 837.2131144427688 1052.48503082949 0
471 309.8555476939206 476.5079538644451 0
472 282.2177227058547 476.1017804585779 0
473 581.3739817979092 505.3262147654393 0
474 625.0651487588798 354.9627522076225 0
475 667.1218232703318 253.5727272112185 0
476 655.8097255310075 237.6487693051587 0
477 809.8312696556588 738.639841890738 0
478 772.2994589308893 1090.0829707052 0
479 98.61821237465057 341.9712010568138 0
480 396.4489277650988 512.0681340275554 0
481 359.0454410129966 550.9821686929143 0
482 514.6524021674707 547.9563530011199 0
483 805.284845692535 949.966712189252 0
484 782.798736386088 474.3655831828907 0
485 770.3245807772316 458.617854137004 0
486 770.0313690294125 392.5639992851896 0
487 758.1856430722039 386.187820611673 0
488 759.6105233510735 399.3416264201239 0
489 176.3501194934067 427.1805496823641 0
490 470.8004804759279 437.1721268064985 0
491 572.7706597154756 438.3599542592016 0
492 645.4842909079614 713.3243244495802 0
493 629.117712843125 695.2592451502679 0
494 657.7815585864785 391.8464965949585 0
495 711.7496998991028 723.3626034557748 0
496 724.5536363463073 615.4960530923471 0
497 607.5209251227112 635.3114245594974 0
498 598.2349593731761 657.5718703393751 0
499 583.3230025830925 638.8432407557088 0
500 746.3141292014105 392.9730996971905 0
501 746.3861038467268 379.0068466615979 0
502 745.8156558482691 408.5116255067736 0
503 626.3528742463293 304.555299750939 0
504 701.7961475842517 782.3028192503336 0
505 714.8874586150018 801.866542981403 0
506 509.8280662105213 154.8653666636116 0
507 501.1670247092559 174.4125214223761 0
508 734.8452085181896 1111.895252883762 0
509 236.606846407518 381.4868221454872 0
510 220.4070343323136 361.1490225309417 0
511 479.9075275478926 175.200434700581 0
512 188.461505814233 440.6884989068817 0
513 689.9395871108121 763.3410051631051 0
514 675.1462843309743 235.9752714111235 0
515 486.7146461529093 295.3936388693897 0
516 508.359083453452 338.0631561317373 0
517 636.5717679021529 239.6209627016149 0
518 148.0678477790956 360.7575256157714 0
519 438.8694253270984 294.9736655176872 0
520 556.9402598648429 475.3528076739185 0
521 669.8429314746289 584.4252057406754 0
522 779.9424442690323 1067.842885899807 0
523 166.2492311956123 410.8036508017872 0
524 720.3746032232586 882.1795994732393 0
525 756.7882028919553 634.0405684002465 0
526 547.1371852915657 496.957400398855 0
527 652.0490377633886 408.3918305655898 0
528 641.0359370345186 393.9824012213602 0
529 662.8262918834636 421.6676517428641 0
530 734.8966944040925 684.3229323530475 0
531 764.5874752408118 477.1580460976085 0
532 709.085797344978 598.7935070516711 0
533 777.0727152831399 687.1828498704415 0
534 490.8517835540575 551.2759688084244 0
535 481.999304662282 572.4843493408312 0
536 466.1324222206195 557.3445355723202 0
537 627.7151994289395 746.0219769360399 0
538 609.8241174856526 265.7160612487219 0
539 644.6445099113481 220.9930191142903 0
540 800.1511841423994 1059.267131393618 0
541 731.6281389302774 593.8697108308006 0
542 686.7548108568383 803.0756453350889 0
543 752.33662853335 462.0096575786937 0
544 758.1378563769089 446.1883161133549 0
545 744.9336341763783 478.5040347459991 0
546 754.5543930945661 490.0048217085081 0
547 465.5909649839912 250.6392557226299 0
548 478.8728875805386 231.6881774303837 0
549 455.3697304695947 228.6127669489235 0
550 834.518308068991 910.6148244052484 0
551 819.5913103632129 920.0406297742159 0
552 153.96995455341 434.6014974327703 0
553 743.9716467183615 1025.862921802209 0
554 742.6805083173393 1001.725641089669 0
555 498.7088435572693 634.2854519549805 0
556 661.169959578838 730.0500733244922 0
557 700.9593775296917 322.5694070843041 0
558 377.5690345871096 380.6371190882083 0
559 361.0234079015756 356.9750211248664 0
560 393.1839118271565 401.7141024396592 0
561 660.9305294906555 546.6790873878858 0
562 471.6432134433353 211.6148580956705 0
563 784.4675933814719 945.3650888074337 0
564 766.5787157496917 959.5697645455448 0
565 829.0574591869879 896.2466770778112 0
566 830.9037482437973 879.8863615261148 0
567 823.8146525495411 860.0022336213156 0
568 778.1245384446787 1030.852921009211 0
569 183.8505999373865 490.7781030634036 0
570 806.490872722915 795.037555580423 0
571 710.902187051802 334.5527197306123 0
572 725.9372381482603 332.8371766885828 0
573 721.2330802968877 346.936187848262 0
574 736.7478398828277 344.5208402293726 0
575 732.4913983634666 359.4040183215704 0
576 225.4956416999754 496.4571977504461 0
577 248.7542485714439 495.487438483601 0
578 265.0289497070361 511.8443615838364 0
579 574.8785679579635 661.0527966454397 0
580 589.3494997113459 680.8713164055359 0
581 560.545952970047 642.6875848885702 0
582 75.46589295770576 372.7969172859026 0
583 598.9966609892411 324.653279490581 0
584 592.4940062126171 345.3201640077115 0
585 487.1657711747619 193.1796402318517 0
586 171.9203645457459 394.8548306411889 0
587 202.1807881251298 463.1786815093853 0
588 777.0688869538408 531.1830357420403 0
589 707.2300527311647 862.067727935573 0
590 718.5950538608573 841.2768227612183 0
591 736.4068047984864 900.4840844441276 0
592 133.6195257950551 415.9569646942545 0
593 295.2941902764393 340.2569443807565 0
594 276.484671948288 362.5752125719213 0
595 107.1775995815196 356.9091455940175 0
596 742.2980496186995 650.1979373527786 0
597 826.4426494031499 1086.238980566414 0
598 734.8481909554589 383.8051538834833 0
599 518.8041382907144 654.3474547325161 0
600 207.4079261903971 443.2056009229224 0
601 69.98650343847237 341.7076185936174 0
602 738.3508938269052 493.7351787104915 0
603 716.198218733268 359.2599029704621 0
604 297.0621557212102 495.2043987543732 0
605 596.1071428311818 284.2399405917715 0
606 686.7180571950475 725.8530944308438 0
607 744.1421035248889 307.4471302801979 0
608 838.0322835136801 764.0663909566196 0
609 826.4633119187577 955.1483672138413 0
610 696.1128244296026 701.767822326965 0
611 824.2204213224044 1026.062794817951 0
612 543.2930144077674 175.0615151272939 0
613 147.606237890534 410.4369538956564 0
614 534.8030370552422 477.5025514077789 0
615 194.0410606218816 366.3579003871257 0
616 721.7782358185009 515.5547946684303 0
617 802.0983084147338 858.4499829873336 0
618 814.0816799515728 839.7015708236147 0
619 803.6554001260382 816.3897085310158 0
620 825.8485699162522 823.64434004845 0
621 171.4061784473577 445.2440753306501 0
622 206.5048624273688 339.0656123001089 0
623 267.8180829737903 456.1455719405917 0
624 517.007524308839 357.854639920819 0
625 380.4959098880593 533.8679365485706 0
626 405.9149954202354 541.0853835485084 0
627 421.4512730695177 520.0012125832855 0
628 430.6699280400842 542.8259122178192 0
629 415.7842654299435 565.6759623461733 0
630 624.4255987769358 218.1853576241378 0
631 716.4927744961278 944.4826978677081 0
632 742.3042144070181 952.114516410719 0
633 538.5193646042185 361.1037458050185 0
634 553.0897606347487 344.657304033015 0
635 589.9497557223731 221.0895236756483 0
636 500.9212163588211 608.2122393580069 0
637 685.9801220663659 602.1638878781038 0
638 693.4484755573076 579.3623576772499 0
639 429.7140912061178 229.2660007680744 0
640 709.1954044939876 501.8713638279124 0
641 720.4038049787378 469.4944752523276 0
642 314.8747450068283 355.7337628204019 0
643 561.3076660128755 684.9072545265423 0
644 457.7476350290852 579.663583650983 0
645 572.6602013665341 282.7206573615191 0
646 731.9351101086891 438.0200464093574 0
647 737.7396915761935 423.1208310494648 0
648 684.9687634354173 251.7802775315552 0
649 693.6295278146457 234.8153364213415 0
650 701.8737038545347 250.9154473772244 0
651 711.3438473318308 234.5021161608434 0
652 710.2000655875396 266.3884377503932 0
653 726.6731902186029 268.6346126996627 0
654 431.0317230217573 171.9028728255786 0
655 447.3113095883567 184.9312446760889 0
656 753.9175655565454 339.4342600541696 0
657 618.329205903394 413.6478738638107 0
658 606.7461149979919 398.297484417253 0
659 614.0615873611069 381.8727410440026 0
660 606.4812697842725 363.2193811144666 0
661 583.5354436286956 366.4749521328092 0
662 580.1591228365868 705.9086067250129 0
663 733.3389143385173 283.2942981801518 0
664 705.9624724652939 386.1069661653939 0
665 649.1740212183346 478.7885183505221 0
666 668.4900291567061 476.9818889119335 0
667 656.4727839895078 461.5611814887208 0
668 756.7112726469488 511.745341967209 0
669 677.912516567477 623.9457651768348 0
670 728.1313237804836 411.4060363445143 0
671 752.6931940277872 421.6392018737861 0
672 636.7440855515985 463.543363982298 0
673 662.6378488570347 443.428519837617 0
674 538.1948565933238 426.9917597766984 0
675 354.5668852442101 524.5950248670282 0
676 333.9952558928181 514.5860983344924 0
677 329.278598971051 540.0969141098018 0
678 452.4116185235307 315.4264758975231 0
679 235.875395240886 337.5459706917646 0
680 820.731110359472 937.2814790681693 0
681 454.7619088011031 604.8554778069224 0
682 481.4287227449489 354.5753241689887 0
683 764.8473365942878 540.6598414960362 0
684 757.638011812112 560.2715559464584 0
685 685.6961270085335 329.3713092592992 0
686 666.0409716668366 818.1114690851787 0
687 616.2870004426651 286.6504123062949 0
688 606.6066866886086 304.9056625776707 0
689 382.0781505999616 422.8520334199863 0
690 407.9008965992 422.3094676944377 0
691 510.4820041772471 297.5237466161709 0
692 844.8083923542738 863.2561969401543 0
693 449.1763546814037 270.1541019452595 0
694 583.6864092385988 539.3391740761433 0
695 503.4698865234272 234.1408889130291 0
696 300.191126222932 391.7763194994677 0
697 551.8377391146707 442.7300739904801 0
698 606.630785803663 537.4513546154013 0
699 768.4253394902396 987.8266746578269 0
700 697.5320418965762 894.6293813913239 0
701 507.0378673773683 513.0528043969631 0
702 528.640320229076 509.9965450614558 0
703 667.251041433666 526.8776060387963 0
704 248.628988554512 360.2282314729193 0
705 352.0572775690931 331.9730578913017 0
706 832.0744925110519 738.338147638912 0
707 169.2604961122503 362.4689769468582 0
708 676.7287280639085 269.0803715251221 0
709 738.8049314850223 800.5462302754279 0
710 538.0648216668126 545.8733578642879 0
711 546.8980001899731 522.1002777709816 0
712 528.1895068932067 235.3436663197958 0
713 377.7541671519248 324.3790737063487 0
714 725.9371876002267 294.1773966330018 0
715 440.9382977176853 401.6887589781425 0
716 757.0260382024258 1071.965517554125 0
717 654.1978149969917 567.4379405590229 0
718 498.5197794479816 316.6467947952724 0
719 397.3823567915811 443.8767769904283 0
720 569.7726280450293 620.197786427972 0
721 747.2339317529033 611.254826225359 0
722 637.5122091667284 672.5185981499271 0
723 409.140957756424 363.8466261631002 0
724 602.7572904054871 502.9149468684525 0
725 215.8786052928846 519.633106476183 0
726 335.9662966399213 473.1458165199053 0
727 67.70580970204981 328.6739728506053 0
728 713.1993913206131 682.7585548326726 0
729 690.4876889076514 311.1104765179904 0
730 616.8500807502953 613.5230245703085 0
731 531.5912702852513 149.4259767340722 0
732 459.5260401199849 520.706934771888 0
733 446.8333900502516 439.1184758548257 0
734 315.0097993212845 408.322673135124 0
735 675.0835755471769 460.1268450118934 0
736 758.1652632613219 372.3751186612173 0
737 746.9602224847622 365.2126838610983 0
738 461.4111861013499 458.4241191787744 0
739 585.6116489740176 453.5855279964396 0
740 479.9261035513158 416.3827334164315 0
741 559.5251107693805 422.9861485970969 0
742 664.2552426350527 376.4332254423298 0
743 689.3954299664226 430.2928618977056 0
744 678.9962693370219 417.654177825995 0
745 733.5420436211509 925.6719067382162 0
746 613.4923013418805 676.2874608326683 0
747 780.3885151433054 757.4568785753851 0
748 851.2774218817017 878.0195122002475 0
749 724.2529700106116 741.6913448401585 0
750 602.8828356449667 595.6999231236402 0
751 800.8574510784497 929.2744576609837 0
752 770.9999820679524 575.9414735349686 0
753 665.1341509865746 220.8174020970925 0
754 190.9928121735615 389.9556593603 0
755 604.5293877644299 700.3526372214859 0
756 629.1376021432818 257.7304665385892 0
757 732.1919951128696 317.9664710520786 0
758 643.4079635803832 350.4497221016825 0
759 818.001264462134 719.8622136929598 0
760 756.8964258890452 898.1275717778085 0
761 724.9535607240873 372.1372720064089 0
762 644.9521151745777 303.7314475050012 0
763 756.6269904721094 686.762599333502 0
764 683.8674310515903 220.0945334226446 0
765 741.6457237440535 840.2643560563371 0
766 615.3512230694574 518.5584198091664 0
767 750.0545308417441 581.4546202447854 0
768 463.0091615074209 294.0250361089884 0
769 801.9731793424862 757.2967993158036 0
770 447.8233080252796 207.4266388792946 0
771 622.0652849307264 722.1673730820489 0
772 679.9659578538583 540.3688280620032 0
773 571.6791276403219 522.7601911163059 0
774 838.9380001521065 842.771911107282 0
775 735.5878043999852 465.7634074578655 0
776 526.6235581060109 168.6890111928631 0
777 85.87218738434467 330.8607177197797 0
778 647.5801087604964 378.7398709574034 0
779 673.2979595517345 562.9853708639862 0
780 767.1008473825052 703.7886852616 0
781 701.4885234037069 359.1055108251997 0
782 745.7957701024818 976.2869066101875 0
783 679.3682479386009 782.1067777832948 0
784 724.9400000000001 1112.42 0
785 773.2541139204621 404.2024382027972 0
786 818.1599395938256 776.9473464064824 0
787 188.8570531942855 514.5227336554734 0
788 159.9933144707204 424.7899389799215 0
789 255.1854839564725 474.8207480760913 0
790 637.4143623080244 366.2717938374373 0
791 440.81996427942 563.2503302357655 0
792 250.0470144753431 398.059691960147 0
793 593.3850307936966 617.0486298376054 0
794 773.771332929642 557.6965482877413 0
795 700.314633900546 743.7439379503675 0
796 337.4088419723568 356.1943086123421 0
797 521.8566908421604 626.1759868852915 0
798 127.3282838171019 357.9940192157053 0
799 156.0310308072699 397.2763419999051 0
800 760.7499850090381 934.6926437851442 0
801 78.50678452216903 392.8597304165594 0
802 747.8335602034249 434.7867140162337 0
803 765.5848996875524 429.7171061132584 0
804 704.4809583228057 822.1872543044044 0
805 456.5030939364301 419.2573597676993 0
806 564.8524858933794 457.1985175341531 0
807 197.3360297182514 479.4412709073603 0
808 675.3026158836475 431.6159520766086 0
809 684.1635024531872 869.1304002924347 0
810 742.0061030360043 450.0451104202519 0
811 634.397959933939 287.8908072847964 0
812 847.5132863323238 820.9024768789457 0
813 728.8727766348983 820.9999031350143 0
814 476.1126994254727 595.431161727598 0
815 835.2853073636225 941.0609692564021 0
816 631.1966260692587 380.9445852906794 0
817 624.4335204722323 396.3310099254246 0
818 729.3626480311165 481.7460063434087 0
819 647.9962754547396 428.4219354599069 0
820 635.73417202367 411.7213362929077 0
821 557.4179479781651 602.1388858588975 0
822 181.4501003515106 452.7265298080877 0
823 139.4327751307221 340.1343788125695 0
824 724.9503788361976 229.7045961068542 0
825 739.5590785974371 561.674248789309 0
826 204.0980826909603 496.599875938754 0
827 762.0650925819768 413.0425612675646 0
828 511.2416936731158 191.6464365261011 0
829 737.9264135156244 630.3764868500514 0
830 717.4731001892941 253.0095881837195 0
831 593.5798029925729 521.0583835418181 0
832 755.6185534489036 1096.377822605677 0
833 469.1920845955934 159.0451785643036 0
834 475.9798677802298 315.0754238536622 0
835 495.1386277500873 212.6206927523371 0
836 573.3746638138815 346.6642832217547 0
837 732.2330714230045 396.8902857573669 0
838 799.1386726761907 1038.545469387426 0
839 523.6869623317349 529.7250562466717 0
840 751.8391688460384 1108.824098798669 0
841 432.5044311047533 421.6163277224992 0
842 271.2166808532857 532.9799045134788 0
843 735.6000884234638 258.9345597947514 0
844 838.704841072758 1070.612811515248 0
845 820.210637693425 1066.327331985543 0
846 689.5136536396744 207.7805382801905 0
847 747.7945685236907 351.6669264215478 0
848 776.6808129333897 441.053542190736 0
849 500.0925433218976 533.2788432544764 0
850 725.6381550325444 498.2907601431805 0
851 547.4828255437335 624.9069055946939 0
852 854.5241668375368 1078.72553906692 0
853 855.5585255790206 1087.474009068161 0
854 542.5934978960472 461.4558195207136 0
855 518.7142839284526 468.2403279186703 0
856 116.4901859854931 373.4010422506938 0
857 834.3315985737144 717.5256029156515 0
858 749.0045257429828 297.0243967942829 0
859 738.0088955210201 295.550182796246 0
860 666.7066195280515 767.405003111601 0
861 740.240450955286 331.4933695474342 0
862 618.8661674451563 243.0028845192518 0
863 817.1773612623913 1047.012696398653 0
864 805.9011114867767 912.9079444622366 0
865 475.4061660955963 536.6665957744463 0
866 488.6493741394492 335.6168440729682 0
867 583.0653610293199 329.8790255152149 0
868 769.3305355270296 368.2412159251667 0
869 819.9953175704533 756.6865562183657 0
870 706.5062429655105 566.3092255883635 0
871 324.701235111008 493.9691688162779 0
872 410.7095787635066 176.4124221237049 0
873 540.6459973949757 160.2514825479583 0
874 751.2206307866053 915.0737203642479 0
875 743.8146309770814 1111.453045773147 0
876 605.3449520286421 205.3375724617217 0
877 419.161425068415 402.902141158267 0
878 697.2198120628188 842.5356506311582 0
879 676.0465530145739 746.6588772763923 0
880 272.4019906932476 494.9770599263292 0
881 466.2165159141527 191.2082119963636 0
882 522.6930379460371 375.6459821977391 0
883 857.3734762043991 852.7285320878918 0
884 540.6432231519829 648.3719066808784 0
885 451.9857815718715 540.8249591212671 0
886 562.3248679819304 507.0279543985836 0
887 768.4945838059501 1050.790895616108 0
888 496.0776078952442 587.0426488067438 0
889 715.3393550977685 580.6347436276543 0
890 96.4445942245876 397.3345584239647 0
891 736.7651160166514 371.8182798466589 0
892 824.0015393828064 803.7315252208055 0
893 655.9097174984751 206.2506053795784 0
894 638.326528389064 202.0580930897593 0
895 766.4869595611225 522.2461764546185 0
896 771.2117631679545 509.1643737982039 0
897 762.6024606734607 499.6830409320113 0
898 720.8237569431099 385.4187168758872 0
899 427.5235068468903 277.9952633275456 0
900 445.8326257559148 246.1006192721038 0
901 159.3406214747895 344.5521723548752 0
902 95.45685662691852 376.3662495291287 0
903 743.2267085281071 275.4959451862748 0
904 557.4732575351131 165.3151917112006 0
905 403.0323819505433 382.9460176743344 0
906 764.7837637300602 616.4733844214255 0
907 440.4219420081392 525.2522699139956 0
908 734.3414725228422 577.1173329820238 0
909 749.0276720381412 669.0947921489202 0
910 726.963870045103 665.1739111117179 0
911 499.813332496897 353.5303152272101 0
912 417.8719357604324 500.1156503781048 0
913 785.1702846676503 1049.459860661234 0
914 768.033444802873 489.9769175067328 0
915 694.0250337982507 680.110267130304 0
916 732.6597700763698 305.5447864323754 0
917 716.3405437749856 221.5774017547969 0
918 311.9263214959173 518.1463313154114 0
919 779.2875407586457 428.9979767807989 0
920 625.7957737209081 273.3008100273652 0
921 286.087217673197 515.3190339960627 0
922 531.4594553781798 493.9299117281304 0
923 817.2250571647318 904.573109561807 0
924 776.6199691869181 484.6293842100937 0
925 780.8478913327558 927.7274940465134 0
926 372.9568269378466 511.0868568471196 0
927 759.6155386257519 1033.669103547774 0
928 386.2833141112366 362.1250241488905 0
929 156.6341437428942 444.771592063981 0
930 817.7228751892576 890.8857810131732 0
931 609.102863041584 742.078601536415 0
932 641.3798912360148 732.4371294889526 0
933 84.07294081384924 354.2445499684657 0
934 710.9249160006407 372.3754711238776 0
935 749.2341118600478 502.1040332164217 0
936 779.1535219365835 520.0387171989726 0
937 706.9400006972547 346.4510160232096 0
938 622.8437988563085 369.4542506988416 0
939 684.732214224297 824.6971213856291 0
940 649.9138576901868 751.2295288061707 0
941 542.7883040813587 376.5665751895255 0
942 177.1582286172837 379.2712274291803 0
943 257.5302706392368 379.2138600344735 0
944 699.3094230900329 334.7296721041839 0
945 298.229169100308 369.3947601786737 0
946 717.5230455615622 903.674302338542 0
947 767.4260057278318 672.1394019718401 0
948 760.6946110485596 1013.955040756813 0
949 463.4479657052901 174.8964553946948 0
950 519.1837985609988 607.6072727502431 0
951 374.1417901576083 343.681616840898 0
952 729.3406679738587 989.3392518929581 0
953 607.9729038954163 227.4059491757233 0
954 193.8807516320866 452.0549663539192 0
955 171.7214146749808 460.3570563573963 0
956 631.3523473193685 764.8594092718232 0
957 555.5570318440135 661.779865343869 0
958 164.0066734357197 435.2587583020055 0
959 406.244025661677 583.5496005725379 0
$EndNodes
$Elements
2004
1 15 2 0 1 1
2 15 2 0 2 2
3 15 2 0 3 3
4 15 2 0 4 4
5 15 2 0 5 5
6 15 2 0 6 6
7 15 2 0 7 7
8 15 2 0 8 8
9 15 2 0 9 9
10 15 2 0 10 10
11 15 2 0 11 11
12 15 2 0 12 12
13 15 2 0 13 13
14 15 2 0 14 14
15 15 2 0 15 15
16 15 2 0 16 16
17 15 2 0 17 17
18 15 2 0 18 18
19 15 2 0 19 19
20 15 2 0 20 20
21 15 2 0 21 21
22 15 2 0 22 22
23 15 2 0 23 23
24 15 2 0 24 24
25 15 2 0 25 25
26 15 2 0 26 26
27 15 2 0 27 27
28 15 2 0 28 28
29 15 2 0 29 29
30 15 2 0 30 30
31 15 2 0 31 31
32 15 2 0 32 32
33 15 2 0 33 33
34 15 2 0 34 34
35 15 2 0 35 35
36 15 2 0 36 36
37 15 2 0 37 37
38 15 2 0 38 38
39 15 2 0 39 39
40 15 2 0 40 40
41 15 2 0 41 41
42 15 2 0 42 42
43 15 2 0 43 43
44 15 2 0 44 44
45 15 2 0 45 45
46 15 2 0 46 46
47 15 2 0 47 47
48 15 2 0 48 48
49 15 2 0 49 49
50 15 2 0 50 50
51 15 2 0 51 51
52 15 2 0 52 52
53 15 2 0 53 53
54 15 2 0 54 54
55 15 2 0 55 55
56 15 2 0 56 56
57 15 2 0 57 57
58 15 2 0 58 58
59 15 2 0 59 59
60 15 2 0 60 60
61 15 2 0 61 61
62 15 2 0 62 62
63 15 2 0 63 63
64 15 2 0 64 64
65 15 2 0 65 65
66 15 2 0 66 66
67 15 2 0 67 67
68 15 2 0 68 68
69 15 2 0 69 69
70 15 2 0 70 70
71 15 2 0 71 71
72 15 2 0 72 72
73 15 2 0 73 73
74 15 2 0 74 74
75 15 2 0 75 75
76 15 2 0 76 76
77 15 2 0 77 77
78 15 2 0 78 78
79 15 2 0 79 79
80 15 2 0 80 80
81 15 2 0 81 81
82 15 2 0 82 82
83 15 2 0 83 83
84 15 2 0 84 84
85 15 2 0 85 85
86 15 2 0 86 86
87 15 2 0 87 87
88 15 2 0 88 88
89 1 2 0 1 1 89
90 1 2 0 1 89 90
91 1 2 0 1 90 2
92 1 2 0 2 2 91
93 1 2 0 2 91 92
94 1 2 0 2 92 93
95 1 2 0 2 93 94
96 1 2 0 2 94 95
97 1 2 0 2 95 96
98 1 2 0 2 96 97
99 1 2 0 2 97 98
100 1 2 0 2 98 99
101 1 2 0 2 99 3
102 1 2 0 3 3 100
103 1 2 0 3 100 101
104 1 2 0 3 101 102
105 1 2 0 3 102 103
106 1 2 0 3 103 104
107 1 2 0 3 104 105
108 1 2 0 3 105 106
109 1 2 0 3 106 4
110 1 2 0 4 4 107
111 1 2 0 4 107 108
112 1 2 0 4 108 109
113 1 2 0 4 109 110
114 1 2 0 4 110 5
115 1 2 0 5 5 111
116 1 2 0 5 111 112
117 1 2 0 5 112 113
118 1 2 0 5 113 114
119 1 2 0 5 114 115
120 1 2 0 5 115 116
121 1 2 0 5 116 6
122 1 2 0 6 6 117
123 1 2 0 6 117 118
124 1 2 0 6 118 7
125 1 2 0 7 7 8
126 1 2 0 8 8 9
127 1 2 0 9 9 10
128 1 2 0 10 10 11
129 1 2 0 11 11 12
130 1 2 0 12 12 13
131 1 2 0 13 13 119
132 1 2 0 13 119 14
133 1 2 0 14 14 120
134 1 2 0 14 120 121
135 1 2 0 14 121 15
136 1 2 0 15 15 16
137 1 2 0 16 16 17
138 1 2 0 17 17 122
139 1 2 0 17 122 18
140 1 2 0 18 18 19
141 1 2 0 19 19 123
142 1 2 0 19 123 124
143 1 2 0 19 124 125
144 1 2 0 19 125 20
145 1 2 0 20 20 126
146 1 2 0 20 126 127
147 1 2 0 20 127 21
148 1 2 0 21 21 128
149 1 2 0 21 128 129
150 1 2 0 21 129 130
151 1 2 0 21 130 22
152 1 2 0 22 22 131
153 1 2 0 22 131 132
154 1 2 0 22 132 23
155 1 2 0 23 23 133
156 1 2 0 23 133 24
157 1 2 0 24 24 134
158 1 2 0 24 134 135
159 1 2 0 24 135 25
160 1 2 0 25 25 136
161 1 2 0 25 136 26
162 1 2 0 26 26 137
163 1 2 0 26 137 27
164 1 2 0 27 27 28
165 1 2 0 28 28 29
166 1 2 0 29 29 138
167 1 2 0 29 138 30
168 1 2 0 30 30 31
169 1 2 0 31 31 32
170 1 2 0 32 32 139
171 1 2 0 32 139 33
172 1 2 0 33 33 34
173 1 2 0 34 34 35
174 1 2 0 35 35 36
175 1 2 0 36 36 37
176 1 2 0 37 37 38
177 1 2 0 38 38 140
178 1 2 0 38 140 39
179 1 2 0 39 39 141
180 1 2 0 39 141 40
181 1 2 0 40 40 142
182 1 2 0 40 142 41
183 1 2 0 41 41 42
184 1 2 0 42 42 43
185 1 2 0 43 43 44
186 1 2 0 44 44 45
187 1 2 0 45 45 143
188 1 2 0 45 143 46
189 1 2 0 46 46 47
190 1 2 0 47 47 144
191 1 2 0 47 144 48
192 1 2 0 48 48 49
193 1 2 0 49 49 50
194 1 2 0 50 50 51
195 1 2 0 51 51 145
196 1 2 0 51 145 52
197 1 2 0 52 52 53
198 1 2 0 53 53 146
199 1 2 0 53 146 54
200 1 2 0 54 54 55
201 1 2 0 55 55 147
202 1 2 0 55 147 148
203 1 2 0 55 148 56
204 1 2 0 56 56 57
205 1 2 0 57 57 149
206 1 2 0 57 149 58
207 1 2 0 58 58 59
208 1 2 0 59 59 150
209 1 2 0 59 150 60
210 1 2 0 60 60 151
211 1 2 0 60 151 152
212 1 2 0 60 152 61
213 1 2 0 61 61 153
214 1 2 0 61 153 62
215 1 2 0 62 62 63
216 1 2 0 63 63 154
217 1 2 0 63 154 64
218 1 2 0 64 64 155
219 1 2 0 64 155 65
220 1 2 0 65 65 156
221 1 2 0 65 156 66
222 1 2 0 66 66 67
223 1 2 0 67 67 157
224 1 2 0 67 157 68
225 1 2 0 68 68 158
226 1 2 0 68 158 69
227 1 2 0 69 69 70
228 1 2 0 70 70 71
229 1 2 0 71 71 72
230 1 2 0 72 72 73
231 1 2 0 73 73 74
232 1 2 0 74 74 75
233 1 2 0 75 75 76
234 1 2 0 76 76 77
235 1 2 0 77 77 78
236 1 2 0 78 78 79
237 1 2 0 79 79 80
238 1 2 0 80 80 81
239 1 2 0 81 81 82
240 1 2 0 82 82 83
241 1 2 0 83 83 84
242 1 2 0 84 84 85
243 1 2 0 85 85 86
244 1 2 0 86 86 87
245 1 2 0 87 87 88
246 1 2 0 88 88 1
247 2 2 0 1 616 850 441
248 2 2 0 1 155 550 168
249 2 2 0 1 70 852 69
250 2 2 0 1 406 610 606
251 2 2 0 1 445 688 583
252 2 2 0 1 441 850 602
253 2 2 0 1 576 577 235
254 2 2 0 1 223 807 569
255 2 2 0 1 480 627 626
256 2 2 0 1 228 830 651
257 2 2 0 1 328 610 406
258 2 2 0 1 256 783 542
259 2 2 0 1 699 948 554
260 2 2 0 1 123 345 19
261 2 2 0 1 403 613 299
262 2 2 0 1 62 812 153
263 2 2 0 1 630 894 539
264 2 2 0 1 654 655 398
265 2 2 0 1 679 704 510
266 2 2 0 1 524 700 589
267 2 2 0 1 409 619 410
268 2 2 0 1 716 832 89
269 2 2 0 1 435 634 449
270 2 2 0 1 638 779 404
271 2 2 0 1 604 880 472
272 2 2 0 1 15 601 121
273 2 2 0 1 542 686 256
274 2 2 0 1 470 611 68
275 2 2 0 1 223 954 587
276 2 2 0 1 378 600 393
277 2 2 0 1 17 15 16
278 2 2 0 1 50 486 49
279 2 2 0 1 554 782 699
280 2 2 0 1 474 660 429
281 2 2 0 1 478 522 344
282 2 2 0 1 480 626 625
283 2 2 0 1 413 618 617
284 2 2 0 1 700 809 589
285 2 2 0 1 454 796 453
286 2 2 0 1 759 857 706
287 2 2 0 1 104 643 103
288 2 2 0 1 630 953 876
289 2 2 0 1 444 634 435
290 2 2 0 1 138 904 29
291 2 2 0 1 69 852 158
292 2 2 0 1 14 801 119
293 2 2 0 1 413 619 618
294 2 2 0 1 822 954 223
295 2 2 0 1 526 711 702
296 2 2 0 1 429 660 584
297 2 2 0 1 478 832 716
298 2 2 0 1 651 824 228
299 2 2 0 1 604 921 880
300 2 2 0 1 673 735 667
301 2 2 0 1 117 787 6
302 2 2 0 1 510 704 509
303 2 2 0 1 481 625 165
304 2 2 0 1 653 903 663
305 2 2 0 1 819 820 527
306 2 2 0 1 583 867 445
307 2 2 0 1 685 729 557
308 2 2 0 1 235 725 576
309 2 2 0 1 355 735 673
310 2 2 0 1 393 600 512
311 2 2 0 1 606 610 495
312 2 2 0 1 68 611 157
313 2 2 0 1 477 759 706
314 2 2 0 1 83 508 82
315 2 2 0 1 223 569 118
316 2 2 0 1 521 779 638
317 2 2 0 1 5 481 165
318 2 2 0 1 776 828 507
319 2 2 0 1 478 716 522
320 2 2 0 1 26 506 220
321 2 2 0 1 444 836 634
322 2 2 0 1 235 842 114
323 2 2 0 1 447 948 699
324 2 2 0 1 52 484 145
325 2 2 0 1 843 903 653
326 2 2 0 1 440 895 683
327 2 2 0 1 745 874 800
328 2 2 0 1 132 639 222
329 2 2 0 1 647 670 502
330 2 2 0 1 1 875 508
331 2 2 0 1 596 910 421
332 2 2 0 1 80 840 79
333 2 2 0 1 593 594 205
334 2 2 0 1 683 895 588
335 2 2 0 1 65 550 155
336 2 2 0 1 526 886 711
337 2 2 0 1 240 894 630
338 2 2 0 1 444 867 836
339 2 2 0 1 851 884 797
340 2 2 0 1 414 617 417
341 2 2 0 1 828 835 585
342 2 2 0 1 11 592 10
343 2 2 0 1 541 767 721
344 2 2 0 1 578 842 235
345 2 2 0 1 350 757 607
346 2 2 0 1 118 955 223
347 2 2 0 1 648 650 386
348 2 2 0 1 675 677 676
349 2 2 0 1 594 945 467
350 2 2 0 1 566 930 426
351 2 2 0 1 550 565 168
352 2 2 0 1 506 507 220
353 2 2 0 1 650 652 386
354 2 2 0 1 13 289 12
355 2 2 0 1 812 892 230
356 2 2 0 1 147 794 457
357 2 2 0 1 41 903 142
358 2 2 0 1 105 599 167
359 2 2 0 1 127 593 205
360 2 2 0 1 773 831 694
361 2 2 0 1 745 800 632
362 2 2 0 1 467 945 696
363 2 2 0 1 10 592 166
364 2 2 0 1 605 688 445
365 2 2 0 1 50 785 486
366 2 2 0 1 410 619 413
367 2 2 0 1 15 727 601
368 2 2 0 1 642 796 454
369 2 2 0 1 481 677 675
370 2 2 0 1 204 820 819
371 2 2 0 1 643 662 103
372 2 2 0 1 721 767 164
373 2 2 0 1 426 567 566
374 2 2 0 1 47 656 46
375 2 2 0 1 628 629 626
376 2 2 0 1 413 617 414
377 2 2 0 1 660 661 584
378 2 2 0 1 630 876 240
379 2 2 0 1 159 859 663
380 2 2 0 1 377 600 378
381 2 2 0 1 46 656 350
382 2 2 0 1 58 533 149
383 2 2 0 1 531 924 914
384 2 2 0 1 383 609 67
385 2 2 0 1 120 801 14
386 2 2 0 1 508 875 81
387 2 2 0 1 464 942 586
388 2 2 0 1 456 835 828
389 2 2 0 1 473 831 773
390 2 2 0 1 167 643 104
391 2 2 0 1 583 688 352
392 2 2 0 1 51 919 173
393 2 2 0 1 565 930 566
394 2 2 0 1 785 827 488
395 2 2 0 1 345 479 19
396 2 2 0 1 570 619 409
397 2 2 0 1 563 751 483
398 2 2 0 1 587 807 223
399 2 2 0 1 791 885 536
400 2 2 0 1 472 789 623
401 2 2 0 1 484 531 485
402 2 2 0 1 344 597 76
403 2 2 0 1 317 729 685
404 2 2 0 1 673 819 529
405 2 2 0 1 7 929 621
406 2 2 0 1 163 893 139
407 2 2 0 1 445 645 605
408 2 2 0 1 31 876 30
409 2 2 0 1 467 943 594
410 2 2 0 1 78 478 77
411 2 2 0 1 77 478 344
412 2 2 0 1 76 597 75
413 2 2 0 1 449 634 633
414 2 2 0 1 502 671 647
415 2 2 0 1 671 803 802
416 2 2 0 1 552 929 9
417 2 2 0 1 586 799 464
418 2 2 0 1 486 785 488
419 2 2 0 1 20 679 622
420 2 2 0 1 89 832 1
421 2 2 0 1 153 812 230
422 2 2 0 1 153 230 61
423 2 2 0 1 628 791 629
424 2 2 0 1 555 599 106
425 2 2 0 1 876 953 635
426 2 2 0 1 880 921 578
427 2 2 0 1 609 815 66
428 2 2 0 1 398 872 654
429 2 2 0 1 803 827 173
430 2 2 0 1 655 770 398
431 2 2 0 1 91 553 2
432 2 2 0 1 577 578 235
433 2 2 0 1 38 846 37
434 2 2 0 1 736 737 160
435 2 2 0 1 154 883 63
436 2 2 0 1 386 708 648
437 2 2 0 1 352 688 503
438 2 2 0 1 569 787 117
439 2 2 0 1 230 608 61
440 2 2 0 1 233 640 232
441 2 2 0 1 644 791 536
442 2 2 0 1 440 683 387
443 2 2 0 1 612 904 270
444 2 2 0 1 601 933 121
445 2 2 0 1 592 613 166
446 2 2 0 1 927 948 568
447 2 2 0 1 133 398 23
448 2 2 0 1 106 599 105
449 2 2 0 1 6 787 116
450 2 2 0 1 29 904 28
451 2 2 0 1 448 673 667
452 2 2 0 1 344 845 597
453 2 2 0 1 292 645 337
454 2 2 0 1 506 776 507
455 2 2 0 1 255 616 258
456 2 2 0 1 390 483 383
457 2 2 0 1 23 639 132
458 2 2 0 1 575 847 737
459 2 2 0 1 337 645 445
460 2 2 0 1 472 623 371
461 2 2 0 1 103 662 102
462 2 2 0 1 521 638 637
463 2 2 0 1 837 898 598
464 2 2 0 1 745 946 591
465 2 2 0 1 529 808 673
466 2 2 0 1 619 892 620
467 2 2 0 1 74 853 73
468 2 2 0 1 291 640 233
469 2 2 0 1 122 727 17
470 2 2 0 1 205 704 679
471 2 2 0 1 404 870 638
472 2 2 0 1 648 708 475
473 2 2 0 1 57 906 56
474 2 2 0 1 338 383 67
475 2 2 0 1 255 640 616
476 2 2 0 1 518 707 464
477 2 2 0 1 890 902 437
478 2 2 0 1 421 829 596
479 2 2 0 1 570 892 619
480 2 2 0 1 421 910 420
481 2 2 0 1 797 884 599
482 2 2 0 1 651 830 650
483 2 2 0 1 209 812 62
484 2 2 0 1 393 489 394
485 2 2 0 1 163 764 753
486 2 2 0 1 564 782 632
487 2 2 0 1 667 672 448
488 2 2 0 1 531 545 543
489 2 2 0 1 4 555 106
490 2 2 0 1 801 902 890
491 2 2 0 1 160 868 736
492 2 2 0 1 483 609 383
493 2 2 0 1 567 774 692
494 2 2 0 1 854 855 434
495 2 2 0 1 671 827 803
496 2 2 0 1 398 639 23
497 2 2 0 1 670 837 502
498 2 2 0 1 230 892 786
499 2 2 0 1 102 662 176
500 2 2 0 1 753 893 163
501 2 2 0 1 322 898 837
502 2 2 0 1 417 617 426
503 2 2 0 1 231 946 745
504 2 2 0 1 585 835 562
505 2 2 0 1 20 622 125
506 2 2 0 1 593 945 594
507 2 2 0 1 562 881 585
508 2 2 0 1 848 919 51
509 2 2 0 1 618 774 567
510 2 2 0 1 72 70 71
511 2 2 0 1 639 900 222
512 2 2 0 1 574 847 575
513 2 2 0 1 137 506 26
514 2 2 0 1 615 707 290
515 2 2 0 1 563 925 751
516 2 2 0 1 644 681 259
517 2 2 0 1 631 632 241
518 2 2 0 1 802 803 544
519 2 2 0 1 531 543 485
520 2 2 0 1 529 819 527
521 2 2 0 1 543 544 485
522 2 2 0 1 453 796 559
523 2 2 0 1 469 587 431
524 2 2 0 1 375 377 376
525 2 2 0 1 531 546 545
526 2 2 0 1 521 637 246
527 2 2 0 1 642 945 593
528 2 2 0 1 378 393 380
529 2 2 0 1 385 652 424
530 2 2 0 1 753 764 514
531 2 2 0 1 21 593 127
532 2 2 0 1 614 855 854
533 2 2 0 1 230 786 608
534 2 2 0 1 830 843 653
535 2 2 0 1 12 592 11
536 2 2 0 1 636 950 797
537 2 2 0 1 228 843 830
538 2 2 0 1 543 810 544
539 2 2 0 1 290 622 615
540 2 2 0 1 613 788 166
541 2 2 0 1 636 797 555
542 2 2 0 1 403 799 613
543 2 2 0 1 93 631 241
544 2 2 0 1 622 679 510
545 2 2 0 1 484 924 531
546 2 2 0 1 774 883 692
547 2 2 0 1 393 512 489
548 2 2 0 1 627 628 626
549 2 2 0 1 25 419 135
550 2 2 0 1 557 944 685
551 2 2 0 1 61 608 152
552 2 2 0 1 91 554 553
553 2 2 0 1 568 948 447
554 2 2 0 1 121 933 582
555 2 2 0 1 232 640 255
556 2 2 0 1 525 906 57
557 2 2 0 1 665 672 667
558 2 2 0 1 423 828 776
559 2 2 0 1 621 955 7
560 2 2 0 1 512 621 489
561 2 2 0 1 594 943 704
562 2 2 0 1 202 672 665
563 2 2 0 1 288 641 248
564 2 2 0 1 385 400 333
565 2 2 0 1 386 652 385
566 2 2 0 1 225 666 243
567 2 2 0 1 431 600 377
568 2 2 0 1 522 540 344
569 2 2 0 1 125 622 290
570 2 2 0 1 720 793 499
571 2 2 0 1 587 600 431
572 2 2 0 1 495 795 606
573 2 2 0 1 632 782 241
574 2 2 0 1 64 748 154
575 2 2 0 1 258 616 347
576 2 2 0 1 707 942 464
577 2 2 0 1 489 523 394
578 2 2 0 1 752 767 684
579 2 2 0 1 384 390 383
580 2 2 0 1 338 384 383
581 2 2 0 1 377 378 376
582 2 2 0 1 599 884 167
583 2 2 0 1 46 350 143
584 2 2 0 1 115 235 114
585 2 2 0 1 533 947 149
586 2 2 0 1 77 344 76
587 2 2 0 1 28 873 731
588 2 2 0 1 484 485 145
589 2 2 0 1 633 634 212
590 2 2 0 1 275 645 292
591 2 2 0 1 193 658 191
592 2 2 0 1 215 666 225
593 2 2 0 1 18 777 122
594 2 2 0 1 121 582 120
595 2 2 0 1 574 861 656
596 2 2 0 1 125 290 124
597 2 2 0 1 193 659 658
598 2 2 0 1 483 680 609
599 2 2 0 1 372 375 374
600 2 2 0 1 347 441 440
601 2 2 0 1 656 847 574
602 2 2 0 1 407 651 649
603 2 2 0 1 772 779 561
604 2 2 0 1 350 607 143
605 2 2 0 1 559 796 705
606 2 2 0 1 332 333 319
607 2 2 0 1 770 881 562
608 2 2 0 1 393 394 380
609 2 2 0 1 417 426 425
610 2 2 0 1 311 685 314
611 2 2 0 1 625 626 165
612 2 2 0 1 404 779 772
613 2 2 0 1 157 611 338
614 2 2 0 1 663 859 714
615 2 2 0 1 27 731 137
616 2 2 0 1 655 881 770
617 2 2 0 1 408 568 447
618 2 2 0 1 328 915 610
619 2 2 0 1 619 620 618
620 2 2 0 1 54 936 146
621 2 2 0 1 347 440 387
622 2 2 0 1 667 735 666
623 2 2 0 1 472 880 789
624 2 2 0 1 433 538 276
625 2 2 0 1 375 376 374
626 2 2 0 1 441 668 440
627 2 2 0 1 474 938 660
628 2 2 0 1 507 511 220
629 2 2 0 1 417 425 418
630 2 2 0 1 423 612 270
631 2 2 0 1 637 669 246
632 2 2 0 1 929 958 621
633 2 2 0 1 767 825 684
634 2 2 0 1 608 706 152
635 2 2 0 1 118 569 117
636 2 2 0 1 75 443 74
637 2 2 0 1 456 712 695
638 2 2 0 1 353 793 720
639 2 2 0 1 620 892 812
640 2 2 0 1 390 563 483
641 2 2 0 1 503 688 687
642 2 2 0 1 557 729 401
643 2 2 0 1 665 666 215
644 2 2 0 1 470 863 611
645 2 2 0 1 674 741 697
646 2 2 0 1 697 741 491
647 2 2 0 1 350 861 757
648 2 2 0 1 400 401 333
649 2 2 0 1 308 664 305
650 2 2 0 1 649 650 648
651 2 2 0 1 209 883 774
652 2 2 0 1 388 431 377
653 2 2 0 1 145 848 51
654 2 2 0 1 207 665 215
655 2 2 0 1 274 276 275
656 2 2 0 1 448 819 673
657 2 2 0 1 371 372 370
658 2 2 0 1 248 641 244
659 2 2 0 1 332 385 333
660 2 2 0 1 274 635 433
661 2 2 0 1 652 653 424
662 2 2 0 1 272 423 270
663 2 2 0 1 225 233 232
664 2 2 0 1 219 878 809
665 2 2 0 1 231 745 631
666 2 2 0 1 231 631 94
667 2 2 0 1 215 225 224
668 2 2 0 1 629 791 259
669 2 2 0 1 544 810 802
670 2 2 0 1 546 602 545
671 2 2 0 1 196 657 204
672 2 2 0 1 272 456 423
673 2 2 0 1 234 674 434
674 2 2 0 1 98 686 219
675 2 2 0 1 199 672 202
676 2 2 0 1 428 754 615
677 2 2 0 1 514 648 475
678 2 2 0 1 445 867 444
679 2 2 0 1 274 433 276
680 2 2 0 1 337 444 435
681 2 2 0 1 111 481 5
682 2 2 0 1 454 945 642
683 2 2 0 1 523 788 613
684 2 2 0 1 705 951 559
685 2 2 0 1 274 275 273
686 2 2 0 1 538 605 276
687 2 2 0 1 354 691 515
688 2 2 0 1 238 717 521
689 2 2 0 1 214 703 561
690 2 2 0 1 371 623 372
691 2 2 0 1 401 729 333
692 2 2 0 1 809 878 589
693 2 2 0 1 30 271 270
694 2 2 0 1 244 641 291
695 2 2 0 1 657 820 204
696 2 2 0 1 414 417 416
697 2 2 0 1 190 193 191
698 2 2 0 1 225 232 224
699 2 2 0 1 188 190 189
700 2 2 0 1 271 274 273
701 2 2 0 1 186 188 187
702 2 2 0 1 322 670 301
703 2 2 0 1 637 638 532
704 2 2 0 1 649 651 650
705 2 2 0 1 706 857 151
706 2 2 0 1 319 729 317
707 2 2 0 1 286 646 288
708 2 2 0 1 244 291 233
709 2 2 0 1 514 649 648
710 2 2 0 1 594 704 205
711 2 2 0 1 286 288 248
712 2 2 0 1 95 231 94
713 2 2 0 1 93 241 92
714 2 2 0 1 207 215 213
715 2 2 0 1 351 758 474
716 2 2 0 1 157 338 67
717 2 2 0 1 216 677 112
718 2 2 0 1 442 719 690
719 2 2 0 1 3 256 99
720 2 2 0 1 175 682 178
721 2 2 0 1 152 706 151
722 2 2 0 1 178 682 182
723 2 2 0 1 318 319 317
724 2 2 0 1 519 678 170
725 2 2 0 1 3 427 256
726 2 2 0 1 127 205 126
727 2 2 0 1 183 186 185
728 2 2 0 1 186 187 185
729 2 2 0 1 292 337 336
730 2 2 0 1 272 712 456
731 2 2 0 1 408 447 384
732 2 2 0 1 243 244 233
733 2 2 0 1 271 272 270
734 2 2 0 1 289 299 12
735 2 2 0 1 188 189 187
736 2 2 0 1 337 445 444
737 2 2 0 1 190 191 189
738 2 2 0 1 323 855 614
739 2 2 0 1 194 657 196
740 2 2 0 1 356 747 458
741 2 2 0 1 549 562 548
742 2 2 0 1 202 665 207
743 2 2 0 1 258 347 346
744 2 2 0 1 30 270 138
745 2 2 0 1 317 685 313
746 2 2 0 1 502 827 671
747 2 2 0 1 427 860 256
748 2 2 0 1 337 435 336
749 2 2 0 1 196 204 198
750 2 2 0 1 673 808 355
751 2 2 0 1 455 532 496
752 2 2 0 1 259 681 108
753 2 2 0 1 173 827 785
754 2 2 0 1 204 448 198
755 2 2 0 1 215 224 213
756 2 2 0 1 191 658 194
757 2 2 0 1 338 611 408
758 2 2 0 1 305 664 303
759 2 2 0 1 375 388 377
760 2 2 0 1 372 623 375
761 2 2 0 1 449 633 624
762 2 2 0 1 613 799 523
763 2 2 0 1 626 629 165
764 2 2 0 1 675 676 432
765 2 2 0 1 674 697 434
766 2 2 0 1 640 850 616
767 2 2 0 1 245 248 244
768 2 2 0 1 205 679 126
769 2 2 0 1 786 892 570
770 2 2 0 1 249 286 248
771 2 2 0 1 538 687 605
772 2 2 0 1 178 181 180
773 2 2 0 1 662 755 176
774 2 2 0 1 665 667 666
775 2 2 0 1 162 636 555
776 2 2 0 1 300 647 646
777 2 2 0 1 175 178 177
778 2 2 0 1 769 786 458
779 2 2 0 1 225 243 233
780 2 2 0 1 518 901 707
781 2 2 0 1 902 933 595
782 2 2 0 1 633 941 882
783 2 2 0 1 311 314 309
784 2 2 0 1 455 637 532
785 2 2 0 1 781 934 308
786 2 2 0 1 574 575 573
787 2 2 0 1 611 838 408
788 2 2 0 1 169 713 130
789 2 2 0 1 271 273 272
790 2 2 0 1 532 541 496
791 2 2 0 1 481 675 625
792 2 2 0 1 800 874 439
793 2 2 0 1 733 738 359
794 2 2 0 1 172 175 174
795 2 2 0 1 182 183 181
796 2 2 0 1 362 719 360
797 2 2 0 1 341 713 169
798 2 2 0 1 471 472 371
799 2 2 0 1 94 631 93
800 2 2 0 1 348 694 252
801 2 2 0 1 375 623 388
802 2 2 0 1 226 698 217
803 2 2 0 1 252 694 242
804 2 2 0 1 183 185 184
805 2 2 0 1 22 169 130
806 2 2 0 1 600 954 512
807 2 2 0 1 409 410 357
808 2 2 0 1 22 170 169
809 2 2 0 1 144 160 47
810 2 2 0 1 633 882 624
811 2 2 0 1 490 738 733
812 2 2 0 1 413 414 412
813 2 2 0 1 196 198 197
814 2 2 0 1 287 300 286
815 2 2 0 1 303 322 301
816 2 2 0 1 329 669 455
817 2 2 0 1 644 814 681
818 2 2 0 1 696 945 454
819 2 2 0 1 146 896 161
820 2 2 0 1 385 424 400
821 2 2 0 1 320 332 319
822 2 2 0 1 202 207 203
823 2 2 0 1 316 317 313
824 2 2 0 1 172 253 175
825 2 2 0 1 313 685 311
826 2 2 0 1 725 826 576
827 2 2 0 1 300 646 286
828 2 2 0 1 194 658 657
829 2 2 0 1 170 172 171
830 2 2 0 1 194 196 195
831 2 2 0 1 347 616 441
832 2 2 0 1 372 374 373
833 2 2 0 1 276 645 275
834 2 2 0 1 537 931 771
835 2 2 0 1 661 836 584
836 2 2 0 1 269 710 348
837 2 2 0 1 360 719 442
838 2 2 0 1 107 681 162
839 2 2 0 1 162 555 4
840 2 2 0 1 40 228 141
841 2 2 0 1 259 791 644
842 2 2 0 1 253 682 175
843 2 2 0 1 183 184 181
844 2 2 0 1 628 885 791
845 2 2 0 1 372 373 370
846 2 2 0 1 107 162 4
847 2 2 0 1 96 809 700
848 2 2 0 1 275 292 277
849 2 2 0 1 307 308 305
850 2 2 0 1 367 689 365
851 2 2 0 1 238 521 246
852 2 2 0 1 191 194 192
853 2 2 0 1 139 894 32
854 2 2 0 1 691 718 515
855 2 2 0 1 292 336 334
856 2 2 0 1 259 959 629
857 2 2 0 1 455 669 637
858 2 2 0 1 653 663 424
859 2 2 0 1 142 903 843
860 2 2 0 1 271 635 274
861 2 2 0 1 17 727 15
862 2 2 0 1 694 698 242
863 2 2 0 1 663 714 424
864 2 2 0 1 242 698 226
865 2 2 0 1 270 904 138
866 2 2 0 1 693 768 519
867 2 2 0 1 710 711 348
868 2 2 0 1 247 669 280
869 2 2 0 1 435 449 436
870 2 2 0 1 424 714 400
871 2 2 0 1 511 833 220
872 2 2 0 1 22 519 170
873 2 2 0 1 538 862 756
874 2 2 0 1 178 180 177
875 2 2 0 1 602 935 441
876 2 2 0 1 243 245 244
877 2 2 0 1 351 474 429
878 2 2 0 1 469 826 807
879 2 2 0 1 300 670 647
880 2 2 0 1 199 202 201
881 2 2 0 1 280 669 329
882 2 2 0 1 547 549 548
883 2 2 0 1 516 718 436
884 2 2 0 1 234 434 263
885 2 2 0 1 175 177 174
886 2 2 0 1 303 664 322
887 2 2 0 1 533 780 763
888 2 2 0 1 323 702 701
889 2 2 0 1 172 174 171
890 2 2 0 1 476 514 475
891 2 2 0 1 763 780 446
892 2 2 0 1 425 438 418
893 2 2 0 1 547 548 399
894 2 2 0 1 585 881 511
895 2 2 0 1 410 412 411
896 2 2 0 1 232 255 254
897 2 2 0 1 126 679 20
898 2 2 0 1 170 678 172
899 2 2 0 1 211 596 525
900 2 2 0 1 548 695 399
901 2 2 0 1 322 837 670
902 2 2 0 1 433 862 538
903 2 2 0 1 211 525 57
904 2 2 0 1 149 211 57
905 2 2 0 1 178 182 181
906 2 2 0 1 329 455 421
907 2 2 0 1 690 719 689
908 2 2 0 1 185 674 234
909 2 2 0 1 265 323 267
910 2 2 0 1 280 329 327
911 2 2 0 1 245 249 248
912 2 2 0 1 426 617 567
913 2 2 0 1 436 718 691
914 2 2 0 1 304 305 303
915 2 2 0 1 334 691 354
916 2 2 0 1 558 560 430
917 2 2 0 1 455 496 421
918 2 2 0 1 356 458 409
919 2 2 0 1 696 734 373
920 2 2 0 1 560 690 689
921 2 2 0 1 489 788 523
922 2 2 0 1 410 413 412
923 2 2 0 1 109 259 108
924 2 2 0 1 98 219 97
925 2 2 0 1 410 411 357
926 2 2 0 1 301 670 300
927 2 2 0 1 273 712 272
928 2 2 0 1 475 708 331
929 2 2 0 1 603 934 781
930 2 2 0 1 256 686 99
931 2 2 0 1 575 603 573
932 2 2 0 1 95 700 231
933 2 2 0 1 198 672 199
934 2 2 0 1 430 689 367
935 2 2 0 1 187 674 185
936 2 2 0 1 406 606 556
937 2 2 0 1 417 418 416
938 2 2 0 1 108 681 107
939 2 2 0 1 378 380 379
940 2 2 0 1 185 234 184
941 2 2 0 1 280 327 281
942 2 2 0 1 448 672 198
943 2 2 0 1 624 882 182
944 2 2 0 1 364 365 362
945 2 2 0 1 453 558 430
946 2 2 0 1 329 420 327
947 2 2 0 1 373 734 370
948 2 2 0 1 132 222 131
949 2 2 0 1 170 171 169
950 2 2 0 1 338 408 384
951 2 2 0 1 128 705 229
952 2 2 0 1 468 469 431
953 2 2 0 1 307 309 308
954 2 2 0 1 771 932 537
955 2 2 0 1 560 689 430
956 2 2 0 1 391 430 367
957 2 2 0 1 687 688 605
958 2 2 0 1 239 730 237
959 2 2 0 1 102 176 101
960 2 2 0 1 105 167 104
961 2 2 0 1 100 931 537
962 2 2 0 1 249 287 286
963 2 2 0 1 354 515 452
964 2 2 0 1 365 719 362
965 2 2 0 1 558 905 560
966 2 2 0 1 369 371 370
967 2 2 0 1 454 734 696
968 2 2 0 1 269 348 252
969 2 2 0 1 695 712 335
970 2 2 0 1 306 307 305
971 2 2 0 1 246 669 247
972 2 2 0 1 347 387 346
973 2 2 0 1 193 660 659
974 2 2 0 1 129 705 128
975 2 2 0 1 113 216 112
976 2 2 0 1 275 277 273
977 2 2 0 1 358 710 269
978 2 2 0 1 327 328 281
979 2 2 0 1 449 624 516
980 2 2 0 1 99 686 98
981 2 2 0 1 689 719 365
982 2 2 0 1 435 436 336
983 2 2 0 1 302 303 301
984 2 2 0 1 256 860 783
985 2 2 0 1 198 199 197
986 2 2 0 1 323 701 267
987 2 2 0 1 191 192 189
988 2 2 0 1 59 206 58
989 2 2 0 1 196 197 195
990 2 2 0 1 128 229 21
991 2 2 0 1 391 453 430
992 2 2 0 1 287 301 300
993 2 2 0 1 112 677 111
994 2 2 0 1 5 165 110
995 2 2 0 1 453 559 558
996 2 2 0 1 329 421 420
997 2 2 0 1 399 695 335
998 2 2 0 1 116 725 115
999 2 2 0 1 115 725 235
1000 2 2 0 1 333 729 319
1001 2 2 0 1 255 258 257
1002 2 2 0 1 450 760 591
1003 2 2 0 1 30 635 271
1004 2 2 0 1 148 752 147
1005 2 2 0 1 460 482 358
1006 2 2 0 1 397 475 331
1007 2 2 0 1 292 334 277
1008 2 2 0 1 505 813 804
1009 2 2 0 1 572 574 573
1010 2 2 0 1 519 768 678
1011 2 2 0 1 130 713 129
1012 2 2 0 1 140 407 38
1013 2 2 0 1 207 213 208
1014 2 2 0 1 514 764 649
1015 2 2 0 1 316 318 317
1016 2 2 0 1 631 745 632
1017 2 2 0 1 318 320 319
1018 2 2 0 1 202 203 201
1019 2 2 0 1 666 735 243
1020 2 2 0 1 560 877 690
1021 2 2 0 1 194 195 192
1022 2 2 0 1 229 642 593
1023 2 2 0 1 172 678 253
1024 2 2 0 1 398 770 639
1025 2 2 0 1 391 454 453
1026 2 2 0 1 364 726 366
1027 2 2 0 1 96 700 95
1028 2 2 0 1 414 415 412
1029 2 2 0 1 335 712 277
1030 2 2 0 1 364 366 365
1031 2 2 0 1 354 452 399
1032 2 2 0 1 488 827 502
1033 2 2 0 1 482 710 358
1034 2 2 0 1 193 661 660
1035 2 2 0 1 214 561 218
1036 2 2 0 1 174 723 171
1037 2 2 0 1 452 547 399
1038 2 2 0 1 56 164 148
1039 2 2 0 1 188 212 190
1040 2 2 0 1 443 853 74
1041 2 2 0 1 752 794 147
1042 2 2 0 1 369 471 371
1043 2 2 0 1 458 570 409
1044 2 2 0 1 452 693 547
1045 2 2 0 1 607 858 143
1046 2 2 0 1 190 661 193
1047 2 2 0 1 366 367 365
1048 2 2 0 1 171 341 169
1049 2 2 0 1 277 712 273
1050 2 2 0 1 334 354 335
1051 2 2 0 1 627 912 342
1052 2 2 0 1 368 391 367
1053 2 2 0 1 158 852 844
1054 2 2 0 1 288 775 641
1055 2 2 0 1 562 835 548
1056 2 2 0 1 232 254 224
1057 2 2 0 1 348 773 694
1058 2 2 0 1 559 928 558
1059 2 2 0 1 354 399 335
1060 2 2 0 1 129 713 705
1061 2 2 0 1 229 593 21
1062 2 2 0 1 649 764 407
1063 2 2 0 1 423 776 612
1064 2 2 0 1 476 753 514
1065 2 2 0 1 717 779 521
1066 2 2 0 1 361 480 363
1067 2 2 0 1 302 304 303
1068 2 2 0 1 605 645 276
1069 2 2 0 1 339 497 278
1070 2 2 0 1 369 370 368
1071 2 2 0 1 360 442 359
1072 2 2 0 1 400 465 401
1073 2 2 0 1 388 468 431
1074 2 2 0 1 460 534 482
1075 2 2 0 1 336 691 334
1076 2 2 0 1 247 280 279
1077 2 2 0 1 449 516 436
1078 2 2 0 1 179 723 174
1079 2 2 0 1 328 406 405
1080 2 2 0 1 162 814 636
1081 2 2 0 1 391 734 454
1082 2 2 0 1 278 730 239
1083 2 2 0 1 187 741 674
1084 2 2 0 1 135 654 134
1085 2 2 0 1 111 677 481
1086 2 2 0 1 267 701 285
1087 2 2 0 1 447 699 384
1088 2 2 0 1 639 770 549
1089 2 2 0 1 498 499 497
1090 2 2 0 1 181 740 180
1091 2 2 0 1 466 557 401
1092 2 2 0 1 366 368 367
1093 2 2 0 1 363 364 362
1094 2 2 0 1 558 928 905
1095 2 2 0 1 234 263 262
1096 2 2 0 1 304 306 305
1097 2 2 0 1 263 265 264
1098 2 2 0 1 2 250 90
1099 2 2 0 1 579 581 499
1100 2 2 0 1 343 359 284
1101 2 2 0 1 419 655 654
1102 2 2 0 1 414 416 415
1103 2 2 0 1 158 470 68
1104 2 2 0 1 251 252 242
1105 2 2 0 1 265 267 266
1106 2 2 0 1 180 715 177
1107 2 2 0 1 357 709 325
1108 2 2 0 1 297 356 325
1109 2 2 0 1 480 912 627
1110 2 2 0 1 370 734 368
1111 2 2 0 1 267 285 283
1112 2 2 0 1 366 726 369
1113 2 2 0 1 471 604 472
1114 2 2 0 1 589 590 451
1115 2 2 0 1 581 720 499
1116 2 2 0 1 406 556 492
1117 2 2 0 1 356 409 357
1118 2 2 0 1 280 281 279
1119 2 2 0 1 469 807 587
1120 2 2 0 1 236 242 226
1121 2 2 0 1 177 179 174
1122 2 2 0 1 450 591 524
1123 2 2 0 1 541 721 496
1124 2 2 0 1 334 335 277
1125 2 2 0 1 695 835 456
1126 2 2 0 1 432 726 364
1127 2 2 0 1 227 238 237
1128 2 2 0 1 561 717 218
1129 2 2 0 1 171 723 341
1130 2 2 0 1 483 751 680
1131 2 2 0 1 492 493 405
1132 2 2 0 1 328 405 281
1133 2 2 0 1 359 738 284
1134 2 2 0 1 366 369 368
1135 2 2 0 1 356 357 325
1136 2 2 0 1 343 360 359
1137 2 2 0 1 124 901 823
1138 2 2 0 1 535 536 534
1139 2 2 0 1 703 772 561
1140 2 2 0 1 459 460 358
1141 2 2 0 1 332 386 385
1142 2 2 0 1 192 741 189
1143 2 2 0 1 325 709 381
1144 2 2 0 1 363 432 364
1145 2 2 0 1 265 266 264
1146 2 2 0 1 234 262 184
1147 2 2 0 1 267 283 266
1148 2 2 0 1 349 358 269
1149 2 2 0 1 268 269 252
1150 2 2 0 1 580 662 643
1151 2 2 0 1 199 201 200
1152 2 2 0 1 422 529 527
1153 2 2 0 1 460 535 534
1154 2 2 0 1 227 717 238
1155 2 2 0 1 339 498 497
1156 2 2 0 1 406 492 405
1157 2 2 0 1 263 264 262
1158 2 2 0 1 381 382 324
1159 2 2 0 1 747 769 458
1160 2 2 0 1 245 355 249
1161 2 2 0 1 595 933 479
1162 2 2 0 1 343 361 360
1163 2 2 0 1 281 722 279
1164 2 2 0 1 535 644 536
1165 2 2 0 1 411 709 357
1166 2 2 0 1 238 246 239
1167 2 2 0 1 144 868 160
1168 2 2 0 1 307 310 309
1169 2 2 0 1 310 311 309
1170 2 2 0 1 374 467 373
1171 2 2 0 1 504 513 382
1172 2 2 0 1 207 208 203
1173 2 2 0 1 436 691 336
1174 2 2 0 1 349 459 358
1175 2 2 0 1 497 730 278
1176 2 2 0 1 381 505 504
1177 2 2 0 1 349 461 459
1178 2 2 0 1 567 692 566
1179 2 2 0 1 498 580 579
1180 2 2 0 1 251 268 252
1181 2 2 0 1 210 473 395
1182 2 2 0 1 467 696 373
1183 2 2 0 1 493 722 405
1184 2 2 0 1 279 339 278
1185 2 2 0 1 580 643 579
1186 2 2 0 1 283 284 266
1187 2 2 0 1 498 579 499
1188 2 2 0 1 381 709 505
1189 2 2 0 1 361 362 360
1190 2 2 0 1 264 490 262
1191 2 2 0 1 898 934 761
1192 2 2 0 1 702 839 701
1193 2 2 0 1 255 257 254
1194 2 2 0 1 466 571 557
1195 2 2 0 1 428 615 510
1196 2 2 0 1 279 722 339
1197 2 2 0 1 177 715 179
1198 2 2 0 1 462 530 446
1199 2 2 0 1 90 716 89
1200 2 2 0 1 283 342 284
1201 2 2 0 1 491 741 192
1202 2 2 0 1 572 573 571
1203 2 2 0 1 582 801 120
1204 2 2 0 1 384 699 390
1205 2 2 0 1 369 726 471
1206 2 2 0 1 236 251 242
1207 2 2 0 1 559 951 928
1208 2 2 0 1 247 279 278
1209 2 2 0 1 368 734 391
1210 2 2 0 1 702 922 526
1211 2 2 0 1 287 302 301
1212 2 2 0 1 268 349 269
1213 2 2 0 1 560 905 877
1214 2 2 0 1 212 661 190
1215 2 2 0 1 199 200 197
1216 2 2 0 1 442 733 359
1217 2 2 0 1 294 295 261
1218 2 2 0 1 247 278 239
1219 2 2 0 1 320 708 332
1220 2 2 0 1 493 755 746
1221 2 2 0 1 632 800 564
1222 2 2 0 1 227 237 236
1223 2 2 0 1 195 491 192
1224 2 2 0 1 246 247 239
1225 2 2 0 1 332 708 386
1226 2 2 0 1 298 446 295
1227 2 2 0 1 251 353 268
1228 2 2 0 1 342 343 284
1229 2 2 0 1 189 741 187
1230 2 2 0 1 325 381 324
1231 2 2 0 1 238 239 237
1232 2 2 0 1 213 703 214
1233 2 2 0 1 405 722 281
1234 2 2 0 1 361 363 362
1235 2 2 0 1 397 476 475
1236 2 2 0 1 537 956 100
1237 2 2 0 1 549 770 562
1238 2 2 0 1 210 340 200
1239 2 2 0 1 381 504 382
1240 2 2 0 1 462 728 530
1241 2 2 0 1 218 227 226
1242 2 2 0 1 535 814 644
1243 2 2 0 1 285 732 283
1244 2 2 0 1 526 614 520
1245 2 2 0 1 636 888 459
1246 2 2 0 1 746 755 580
1247 2 2 0 1 219 809 97
1248 2 2 0 1 203 724 201
1249 2 2 0 1 351 429 352
1250 2 2 0 1 201 210 200
1251 2 2 0 1 218 226 217
1252 2 2 0 1 227 236 226
1253 2 2 0 1 310 326 312
1254 2 2 0 1 698 766 217
1255 2 2 0 1 296 298 295
1256 2 2 0 1 610 728 462
1257 2 2 0 1 298 495 462
1258 2 2 0 1 297 325 324
1259 2 2 0 1 495 610 462
1260 2 2 0 1 306 742 307
1261 2 2 0 1 309 781 308
1262 2 2 0 1 505 542 504
1263 2 2 0 1 839 849 701
1264 2 2 0 1 429 584 583
1265 2 2 0 1 160 656 47
1266 2 2 0 1 24 872 133
1267 2 2 0 1 683 684 387
1268 2 2 0 1 210 724 473
1269 2 2 0 1 527 528 494
1270 2 2 0 1 156 221 65
1271 2 2 0 1 503 762 321
1272 2 2 0 1 378 379 376
1273 2 2 0 1 304 422 306
1274 2 2 0 1 452 768 693
1275 2 2 0 1 218 717 227
1276 2 2 0 1 315 351 321
1277 2 2 0 1 330 331 320
1278 2 2 0 1 422 494 306
1279 2 2 0 1 124 823 123
1280 2 2 0 1 312 313 311
1281 2 2 0 1 214 218 217
1282 2 2 0 1 395 520 340
1283 2 2 0 1 395 526 520
1284 2 2 0 1 283 732 342
1285 2 2 0 1 705 796 229
1286 2 2 0 1 352 503 321
1287 2 2 0 1 298 462 446
1288 2 2 0 1 78 832 478
1289 2 2 0 1 250 716 90
1290 2 2 0 1 457 588 54
1291 2 2 0 1 307 742 310
1292 2 2 0 1 212 941 633
1293 2 2 0 1 155 168 64
1294 2 2 0 1 549 900 639
1295 2 2 0 1 59 260 206
1296 2 2 0 1 400 714 465
1297 2 2 0 1 487 736 392
1298 2 2 0 1 210 395 340
1299 2 2 0 1 677 918 676
1300 2 2 0 1 184 740 181
1301 2 2 0 1 722 746 339
1302 2 2 0 1 224 703 213
1303 2 2 0 1 499 793 497
1304 2 2 0 1 422 744 529
1305 2 2 0 1 310 312 311
1306 2 2 0 1 201 724 210
1307 2 2 0 1 488 502 500
1308 2 2 0 1 243 735 245
1309 2 2 0 1 658 817 657
1310 2 2 0 1 845 863 470
1311 2 2 0 1 390 564 563
1312 2 2 0 1 55 457 54
1313 2 2 0 1 290 901 124
1314 2 2 0 1 422 527 494
1315 2 2 0 1 416 450 415
1316 2 2 0 1 213 214 208
1317 2 2 0 1 315 316 313
1318 2 2 0 1 498 746 580
1319 2 2 0 1 294 296 295
1320 2 2 0 1 769 869 786
1321 2 2 0 1 266 738 264
1322 2 2 0 1 520 854 806
1323 2 2 0 1 539 894 893
1324 2 2 0 1 582 902 801
1325 2 2 0 1 611 863 838
1326 2 2 0 1 754 942 615
1327 2 2 0 1 302 744 304
1328 2 2 0 1 26 220 136
1329 2 2 0 1 730 750 237
1330 2 2 0 1 228 824 141
1331 2 2 0 1 493 746 722
1332 2 2 0 1 581 884 851
1333 2 2 0 1 450 451 415
1334 2 2 0 1 617 618 567
1335 2 2 0 1 114 842 113
1336 2 2 0 1 197 739 195
1337 2 2 0 1 284 738 266
1338 2 2 0 1 49 392 48
1339 2 2 0 1 264 738 490
1340 2 2 0 1 805 841 715
1341 2 2 0 1 339 746 498
1342 2 2 0 1 310 742 326
1343 2 2 0 1 757 916 607
1344 2 2 0 1 620 774 618
1345 2 2 0 1 821 851 461
1346 2 2 0 1 575 761 603
1347 2 2 0 1 294 297 296
1348 2 2 0 1 486 488 487
1349 2 2 0 1 180 805 715
1350 2 2 0 1 262 740 184
1351 2 2 0 1 500 501 487
1352 2 2 0 1 438 439 418
1353 2 2 0 1 768 834 678
1354 2 2 0 1 245 735 355
1355 2 2 0 1 214 217 208
1356 2 2 0 1 490 740 262
1357 2 2 0 1 331 708 320
1358 2 2 0 1 450 524 451
1359 2 2 0 1 758 790 474
1360 2 2 0 1 429 583 352
1361 2 2 0 1 355 743 249
1362 2 2 0 1 116 787 725
1363 2 2 0 1 297 324 296
1364 2 2 0 1 711 839 702
1365 2 2 0 1 297 747 356
1366 2 2 0 1 524 589 451
1367 2 2 0 1 382 749 324
1368 2 2 0 1 513 879 795
1369 2 2 0 1 351 352 321
1370 2 2 0 1 249 743 287
1371 2 2 0 1 545 775 543
1372 2 2 0 1 804 813 590
1373 2 2 0 1 265 855 323
1374 2 2 0 1 466 572 571
1375 2 2 0 1 634 836 212
1376 2 2 0 1 737 847 160
1377 2 2 0 1 237 750 236
1378 2 2 0 1 690 841 442
1379 2 2 0 1 251 750 353
1380 2 2 0 1 293 294 261
1381 2 2 0 1 200 739 197
1382 2 2 0 1 151 857 60
1383 2 2 0 1 195 739 491
1384 2 2 0 1 614 922 323
1385 2 2 0 1 312 315 313
1386 2 2 0 1 488 500 487
1387 2 2 0 1 340 739 200
1388 2 2 0 1 236 750 251
1389 2 2 0 1 396 397 331
1390 2 2 0 1 342 907 627
1391 2 2 0 1 555 797 599
1392 2 2 0 1 304 744 422
1393 2 2 0 1 182 882 183
1394 2 2 0 1 293 747 294
1395 2 2 0 1 694 831 698
1396 2 2 0 1 468 576 469
1397 2 2 0 1 261 780 206
1398 2 2 0 1 390 699 564
1399 2 2 0 1 494 742 306
1400 2 2 0 1 590 765 451
1401 2 2 0 1 315 321 316
1402 2 2 0 1 318 330 320
1403 2 2 0 1 775 818 641
1404 2 2 0 1 685 944 314
1405 2 2 0 1 345 595 479
1406 2 2 0 1 39 917 140
1407 2 2 0 1 287 743 302
1408 2 2 0 1 142 843 40
1409 2 2 0 1 164 752 148
1410 2 2 0 1 580 755 662
1411 2 2 0 1 523 586 394
1412 2 2 0 1 415 765 412
1413 2 2 0 1 216 918 677
1414 2 2 0 1 91 952 554
1415 2 2 0 1 419 654 135
1416 2 2 0 1 710 839 711
1417 2 2 0 1 507 585 511
1418 2 2 0 1 258 282 257
1419 2 2 0 1 330 396 331
1420 2 2 0 1 434 855 263
1421 2 2 0 1 258 346 282
1422 2 2 0 1 751 925 438
1423 2 2 0 1 755 771 176
1424 2 2 0 1 254 703 224
1425 2 2 0 1 260 261 206
1426 2 2 0 1 92 952 91
1427 2 2 0 1 500 598 501
1428 2 2 0 1 221 550 65
1429 2 2 0 1 513 795 382
1430 2 2 0 1 525 829 721
1431 2 2 0 1 260 293 261
1432 2 2 0 1 314 781 309
1433 2 2 0 1 2 553 250
1434 2 2 0 1 625 926 480
1435 2 2 0 1 501 736 487
1436 2 2 0 1 515 768 452
1437 2 2 0 1 787 826 725
1438 2 2 0 1 656 861 350
1439 2 2 0 1 397 517 476
1440 2 2 0 1 49 486 392
1441 2 2 0 1 260 477 293
1442 2 2 0 1 133 872 398
1443 2 2 0 1 743 744 302
1444 2 2 0 1 296 749 298
1445 2 2 0 1 412 765 411
1446 2 2 0 1 565 566 168
1447 2 2 0 1 315 758 351
1448 2 2 0 1 465 466 401
1449 2 2 0 1 802 810 646
1450 2 2 0 1 713 951 705
1451 2 2 0 1 298 749 495
1452 2 2 0 1 212 836 661
1453 2 2 0 1 465 757 466
1454 2 2 0 1 294 747 297
1455 2 2 0 1 711 773 348
1456 2 2 0 1 420 915 327
1457 2 2 0 1 150 759 59
1458 2 2 0 1 539 753 476
1459 2 2 0 1 374 792 467
1460 2 2 0 1 523 799 586
1461 2 2 0 1 203 766 724
1462 2 2 0 1 324 749 296
1463 2 2 0 1 326 758 312
1464 2 2 0 1 486 487 392
1465 2 2 0 1 887 927 568
1466 2 2 0 1 517 539 476
1467 2 2 0 1 501 737 736
1468 2 2 0 1 615 622 510
1469 2 2 0 1 742 778 326
1470 2 2 0 1 380 428 379
1471 2 2 0 1 416 760 450
1472 2 2 0 1 282 404 257
1473 2 2 0 1 164 767 752
1474 2 2 0 1 109 959 259
1475 2 2 0 1 451 765 415
1476 2 2 0 1 545 818 775
1477 2 2 0 1 446 780 295
1478 2 2 0 1 206 533 58
1479 2 2 0 1 540 845 344
1480 2 2 0 1 716 887 522
1481 2 2 0 1 629 959 165
1482 2 2 0 1 494 778 742
1483 2 2 0 1 530 763 446
1484 2 2 0 1 19 777 18
1485 2 2 0 1 466 757 572
1486 2 2 0 1 457 683 588
1487 2 2 0 1 25 833 419
1488 2 2 0 1 208 766 203
1489 2 2 0 1 468 577 576
1490 2 2 0 1 871 918 604
1491 2 2 0 1 87 784 86
1492 2 2 0 1 22 899 519
1493 2 2 0 1 603 937 573
1494 2 2 0 1 492 771 493
1495 2 2 0 1 158 844 470
1496 2 2 0 1 750 793 353
1497 2 2 0 1 647 802 646
1498 2 2 0 1 520 806 340
1499 2 2 0 1 222 900 693
1500 2 2 0 1 217 766 208
1501 2 2 0 1 623 789 388
1502 2 2 0 1 10 166 9
1503 2 2 0 1 542 783 504
1504 2 2 0 1 671 802 647
1505 2 2 0 1 806 854 697
1506 2 2 0 1 428 510 509
1507 2 2 0 1 817 820 657
1508 2 2 0 1 728 915 420
1509 2 2 0 1 165 959 110
1510 2 2 0 1 101 931 100
1511 2 2 0 1 346 389 282
1512 2 2 0 1 795 879 606
1513 2 2 0 1 517 630 539
1514 2 2 0 1 652 830 653
1515 2 2 0 1 396 756 397
1516 2 2 0 1 131 899 22
1517 2 2 0 1 316 762 318
1518 2 2 0 1 439 760 418
1519 2 2 0 1 515 834 768
1520 2 2 0 1 321 762 316
1521 2 2 0 1 349 821 461
1522 2 2 0 1 206 780 533
1523 2 2 0 1 646 810 288
1524 2 2 0 1 418 760 416
1525 2 2 0 1 720 821 353
1526 2 2 0 1 687 811 503
1527 2 2 0 1 701 849 285
1528 2 2 0 1 382 795 749
1529 2 2 0 1 730 793 750
1530 2 2 0 1 361 912 480
1531 2 2 0 1 432 926 675
1532 2 2 0 1 288 810 775
1533 2 2 0 1 166 552 9
1534 2 2 0 1 380 754 428
1535 2 2 0 1 425 930 923
1536 2 2 0 1 312 758 315
1537 2 2 0 1 709 813 505
1538 2 2 0 1 684 794 752
1539 2 2 0 1 693 900 547
1540 2 2 0 1 664 934 898
1541 2 2 0 1 496 829 421
1542 2 2 0 1 134 872 24
1543 2 2 0 1 293 769 747
1544 2 2 0 1 663 903 159
1545 2 2 0 1 159 903 41
1546 2 2 0 1 13 890 289
1547 2 2 0 1 458 786 570
1548 2 2 0 1 659 817 658
1549 2 2 0 1 660 938 659
1550 2 2 0 1 48 868 144
1551 2 2 0 1 428 509 379
1552 2 2 0 1 459 950 636
1553 2 2 0 1 353 821 268
1554 2 2 0 1 295 780 261
1555 2 2 0 1 493 771 755
1556 2 2 0 1 528 778 494
1557 2 2 0 1 182 911 624
1558 2 2 0 1 720 851 821
1559 2 2 0 1 318 762 330
1560 2 2 0 1 740 805 180
1561 2 2 0 1 397 756 517
1562 2 2 0 1 706 869 477
1563 2 2 0 1 504 783 513
1564 2 2 0 1 28 904 873
1565 2 2 0 1 485 848 145
1566 2 2 0 1 849 865 285
1567 2 2 0 1 807 826 569
1568 2 2 0 1 379 792 376
1569 2 2 0 1 491 806 697
1570 2 2 0 1 749 795 495
1571 2 2 0 1 229 796 642
1572 2 2 0 1 641 818 291
1573 2 2 0 1 376 792 374
1574 2 2 0 1 777 933 601
1575 2 2 0 1 387 825 346
1576 2 2 0 1 299 592 12
1577 2 2 0 1 561 779 717
1578 2 2 0 1 394 754 380
1579 2 2 0 1 477 769 293
1580 2 2 0 1 781 937 603
1581 2 2 0 1 728 910 530
1582 2 2 0 1 568 913 887
1583 2 2 0 1 425 923 864
1584 2 2 0 1 221 680 551
1585 2 2 0 1 552 958 929
1586 2 2 0 1 676 871 432
1587 2 2 0 1 59 759 260
1588 2 2 0 1 587 954 600
1589 2 2 0 1 136 833 25
1590 2 2 0 1 459 888 460
1591 2 2 0 1 461 851 797
1592 2 2 0 1 257 772 254
1593 2 2 0 1 289 890 437
1594 2 2 0 1 564 800 563
1595 2 2 0 1 221 551 550
1596 2 2 0 1 824 917 39
1597 2 2 0 1 675 926 625
1598 2 2 0 1 733 841 805
1599 2 2 0 1 532 889 541
1600 2 2 0 1 456 828 423
1601 2 2 0 1 420 910 728
1602 2 2 0 1 188 941 212
1603 2 2 0 1 404 772 257
1604 2 2 0 1 621 958 489
1605 2 2 0 1 681 814 162
1606 2 2 0 1 699 782 564
1607 2 2 0 1 291 850 640
1608 2 2 0 1 342 912 343
1609 2 2 0 1 84 784 83
1610 2 2 0 1 844 845 470
1611 2 2 0 1 432 871 726
1612 2 2 0 1 463 464 403
1613 2 2 0 1 678 834 253
1614 2 2 0 1 733 805 490
1615 2 2 0 1 684 825 387
1616 2 2 0 1 211 909 596
1617 2 2 0 1 204 819 448
1618 2 2 0 1 509 792 379
1619 2 2 0 1 512 822 621
1620 2 2 0 1 137 731 506
1621 2 2 0 1 502 837 500
1622 2 2 0 1 167 957 643
1623 2 2 0 1 402 403 299
1624 2 2 0 1 490 805 740
1625 2 2 0 1 497 793 730
1626 2 2 0 1 345 798 595
1627 2 2 0 1 66 815 156
1628 2 2 0 1 285 865 732
1629 2 2 0 1 402 463 403
1630 2 2 0 1 83 784 87
1631 2 2 0 1 254 772 703
1632 2 2 0 1 602 818 545
1633 2 2 0 1 97 809 96
1634 2 2 0 1 489 958 788
1635 2 2 0 1 363 926 432
1636 2 2 0 1 473 886 395
1637 2 2 0 1 650 830 652
1638 2 2 0 1 463 518 464
1639 2 2 0 1 471 871 604
1640 2 2 0 1 260 759 477
1641 2 2 0 1 408 838 568
1642 2 2 0 1 119 890 13
1643 2 2 0 1 836 867 584
1644 2 2 0 1 860 940 879
1645 2 2 0 1 149 947 211
1646 2 2 0 1 168 748 64
1647 2 2 0 1 814 888 636
1648 2 2 0 1 744 808 529
1649 2 2 0 1 721 906 525
1650 2 2 0 1 479 777 19
1651 2 2 0 1 60 857 150
1652 2 2 0 1 590 813 765
1653 2 2 0 1 586 754 394
1654 2 2 0 1 765 813 411
1655 2 2 0 1 531 914 546
1656 2 2 0 1 411 813 709
1657 2 2 0 1 771 931 176
1658 2 2 0 1 156 815 221
1659 2 2 0 1 865 885 732
1660 2 2 0 1 211 947 909
1661 2 2 0 1 505 804 542
1662 2 2 0 1 760 874 591
1663 2 2 0 1 680 751 551
1664 2 2 0 1 330 811 396
1665 2 2 0 1 355 808 743
1666 2 2 0 1 314 944 937
1667 2 2 0 1 166 788 552
1668 2 2 0 1 698 831 766
1669 2 2 0 1 680 815 609
1670 2 2 0 1 457 794 683
1671 2 2 0 1 743 808 744
1672 2 2 0 1 221 815 680
1673 2 2 0 1 388 789 468
1674 2 2 0 1 686 939 219
1675 2 2 0 1 610 915 728
1676 2 2 0 1 141 824 39
1677 2 2 0 1 711 886 773
1678 2 2 0 1 773 886 473
1679 2 2 0 1 596 829 525
1680 2 2 0 1 326 790 758
1681 2 2 0 1 511 949 833
1682 2 2 0 1 775 810 543
1683 2 2 0 1 721 829 496
1684 2 2 0 1 554 952 782
1685 2 2 0 1 638 889 532
1686 2 2 0 1 522 913 540
1687 2 2 0 1 635 953 433
1688 2 2 0 1 503 811 762
1689 2 2 0 1 577 880 578
1690 2 2 0 1 464 799 403
1691 2 2 0 1 707 901 290
1692 2 2 0 1 676 918 871
1693 2 2 0 1 268 821 349
1694 2 2 0 1 548 835 695
1695 2 2 0 1 528 820 817
1696 2 2 0 1 527 820 528
1697 2 2 0 1 739 806 491
1698 2 2 0 1 778 790 326
1699 2 2 0 1 834 866 253
1700 2 2 0 1 468 789 577
1701 2 2 0 1 766 831 724
1702 2 2 0 1 519 899 693
1703 2 2 0 1 727 777 601
1704 2 2 0 1 757 861 572
1705 2 2 0 1 598 891 501
1706 2 2 0 1 340 806 739
1707 2 2 0 1 550 923 565
1708 2 2 0 1 615 942 707
1709 2 2 0 1 477 869 769
1710 2 2 0 1 345 823 798
1711 2 2 0 1 801 890 119
1712 2 2 0 1 479 933 777
1713 2 2 0 1 492 932 771
1714 2 2 0 1 482 849 839
1715 2 2 0 1 426 930 425
1716 2 2 0 1 540 863 845
1717 2 2 0 1 737 891 575
1718 2 2 0 1 308 934 664
1719 2 2 0 1 463 798 518
1720 2 2 0 1 425 864 438
1721 2 2 0 1 113 842 216
1722 2 2 0 1 32 240 31
1723 2 2 0 1 822 955 621
1724 2 2 0 1 683 794 684
1725 2 2 0 1 253 866 682
1726 2 2 0 1 40 843 228
1727 2 2 0 1 761 891 598
1728 2 2 0 1 507 828 585
1729 2 2 0 1 731 776 506
1730 2 2 0 1 517 862 630
1731 2 2 0 1 897 935 546
1732 2 2 0 1 439 925 800
1733 2 2 0 1 693 899 222
1734 2 2 0 1 554 948 553
1735 2 2 0 1 482 839 710
1736 2 2 0 1 643 957 579
1737 2 2 0 1 724 831 473
1738 2 2 0 1 668 935 897
1739 2 2 0 1 690 877 841
1740 2 2 0 1 718 834 515
1741 2 2 0 1 811 920 396
1742 2 2 0 1 220 833 136
1743 2 2 0 1 761 934 603
1744 2 2 0 1 407 917 651
1745 2 2 0 1 576 826 469
1746 2 2 0 1 591 874 745
1747 2 2 0 1 767 908 825
1748 2 2 0 1 500 837 598
1749 2 2 0 1 762 811 330
1750 2 2 0 1 289 437 402
1751 2 2 0 1 81 875 80
1752 2 2 0 1 346 825 389
1753 2 2 0 1 682 911 182
1754 2 2 0 1 569 826 787
1755 2 2 0 1 437 902 856
1756 2 2 0 1 718 866 834
1757 2 2 0 1 692 883 154
1758 2 2 0 1 282 870 404
1759 2 2 0 1 314 937 781
1760 2 2 0 1 534 849 482
1761 2 2 0 1 668 895 440
1762 2 2 0 1 816 817 659
1763 2 2 0 1 614 854 520
1764 2 2 0 1 704 943 509
1765 2 2 0 1 263 855 265
1766 2 2 0 1 940 956 537
1767 2 2 0 1 736 868 392
1768 2 2 0 1 627 907 628
1769 2 2 0 1 889 908 541
1770 2 2 0 1 441 935 668
1771 2 2 0 1 879 940 556
1772 2 2 0 1 572 861 574
1773 2 2 0 1 442 841 733
1774 2 2 0 1 546 935 602
1775 2 2 0 1 654 872 134
1776 2 2 0 1 241 952 92
1777 2 2 0 1 289 402 299
1778 2 2 0 1 606 879 556
1779 2 2 0 1 154 748 692
1780 2 2 0 1 697 854 434
1781 2 2 0 1 463 856 798
1782 2 2 0 1 534 865 849
1783 2 2 0 1 3 956 427
1784 2 2 0 1 542 939 686
1785 2 2 0 1 528 816 778
1786 2 2 0 1 30 876 635
1787 2 2 0 1 544 848 485
1788 2 2 0 1 183 882 186
1789 2 2 0 1 407 846 38
1790 2 2 0 1 818 850 291
1791 2 2 0 1 764 846 407
1792 2 2 0 1 581 851 720
1793 2 2 0 1 664 898 322
1794 2 2 0 1 516 866 718
1795 2 2 0 1 160 847 656
1796 2 2 0 1 751 864 551
1797 2 2 0 1 778 816 790
1798 2 2 0 1 687 920 811
1799 2 2 0 1 528 817 816
1800 2 2 0 1 692 748 566
1801 2 2 0 1 524 946 700
1802 2 2 0 1 608 869 706
1803 2 2 0 1 536 865 534
1804 2 2 0 1 100 956 3
1805 2 2 0 1 123 823 345
1806 2 2 0 1 909 947 763
1807 2 2 0 1 122 777 727
1808 2 2 0 1 620 812 774
1809 2 2 0 1 896 936 895
1810 2 2 0 1 882 941 186
1811 2 2 0 1 538 920 687
1812 2 2 0 1 437 856 402
1813 2 2 0 1 566 748 168
1814 2 2 0 1 56 906 164
1815 2 2 0 1 427 956 940
1816 2 2 0 1 582 933 902
1817 2 2 0 1 323 922 702
1818 2 2 0 1 798 823 518
1819 2 2 0 1 588 936 54
1820 2 2 0 1 602 850 818
1821 2 2 0 1 402 856 463
1822 2 2 0 1 222 899 131
1823 2 2 0 1 146 936 896
1824 2 2 0 1 774 812 209
1825 2 2 0 1 714 916 465
1826 2 2 0 1 726 871 471
1827 2 2 0 1 732 907 342
1828 2 2 0 1 419 949 655
1829 2 2 0 1 150 857 759
1830 2 2 0 1 186 941 188
1831 2 2 0 1 584 867 583
1832 2 2 0 1 589 878 590
1833 2 2 0 1 547 900 549
1834 2 2 0 1 327 915 328
1835 2 2 0 1 536 885 865
1836 2 2 0 1 460 888 535
1837 2 2 0 1 700 946 231
1838 2 2 0 1 551 923 550
1839 2 2 0 1 715 877 179
1840 2 2 0 1 140 917 407
1841 2 2 0 1 395 886 526
1842 2 2 0 1 164 906 721
1843 2 2 0 1 800 925 563
1844 2 2 0 1 176 931 101
1845 2 2 0 1 798 856 595
1846 2 2 0 1 389 870 282
1847 2 2 0 1 573 937 571
1848 2 2 0 1 624 911 516
1849 2 2 0 1 179 905 723
1850 2 2 0 1 895 936 588
1851 2 2 0 1 591 946 524
1852 2 2 0 1 341 951 713
1853 2 2 0 1 856 902 595
1854 2 2 0 1 343 912 361
1855 2 2 0 1 905 928 723
1856 2 2 0 1 571 944 557
1857 2 2 0 1 877 905 179
1858 2 2 0 1 575 891 761
1859 2 2 0 1 438 864 751
1860 2 2 0 1 937 944 571
1861 2 2 0 1 783 860 513
1862 2 2 0 1 756 920 538
1863 2 2 0 1 392 868 48
1864 2 2 0 1 110 959 109
1865 2 2 0 1 250 887 716
1866 2 2 0 1 597 844 443
1867 2 2 0 1 597 845 844
1868 2 2 0 1 439 874 760
1869 2 2 0 1 465 916 757
1870 2 2 0 1 756 862 517
1871 2 2 0 1 480 926 363
1872 2 2 0 1 786 869 608
1873 2 2 0 1 516 911 866
1874 2 2 0 1 501 891 737
1875 2 2 0 1 782 952 241
1876 2 2 0 1 579 957 581
1877 2 2 0 1 731 873 776
1878 2 2 0 1 841 877 715
1879 2 2 0 1 79 840 78
1880 2 2 0 1 556 932 492
1881 2 2 0 1 553 948 927
1882 2 2 0 1 858 859 159
1883 2 2 0 1 803 848 544
1884 2 2 0 1 540 913 838
1885 2 2 0 1 598 898 761
1886 2 2 0 1 438 925 439
1887 2 2 0 1 723 928 341
1888 2 2 0 1 866 911 682
1889 2 2 0 1 535 888 814
1890 2 2 0 1 541 908 767
1891 2 2 0 1 792 943 467
1892 2 2 0 1 776 873 612
1893 2 2 0 1 526 922 614
1894 2 2 0 1 75 597 443
1895 2 2 0 1 216 921 918
1896 2 2 0 1 539 893 753
1897 2 2 0 1 461 950 459
1898 2 2 0 1 78 840 832
1899 2 2 0 1 45 858 159
1900 2 2 0 1 928 951 341
1901 2 2 0 1 173 919 803
1902 2 2 0 1 859 916 714
1903 2 2 0 1 838 863 540
1904 2 2 0 1 250 927 887
1905 2 2 0 1 763 947 533
1906 2 2 0 1 873 904 612
1907 2 2 0 1 389 908 889
1908 2 2 0 1 870 889 638
1909 2 2 0 1 590 878 804
1910 2 2 0 1 396 920 756
1911 2 2 0 1 530 909 763
1912 2 2 0 1 427 940 860
1913 2 2 0 1 163 846 764
1914 2 2 0 1 509 943 792
1915 2 2 0 1 797 950 461
1916 2 2 0 1 918 921 604
1917 2 2 0 1 553 927 250
1918 2 2 0 1 63 209 62
1919 2 2 0 1 804 939 542
1920 2 2 0 1 8 929 7
1921 2 2 0 1 789 880 577
1922 2 2 0 1 32 894 240
1923 2 2 0 1 896 897 161
1924 2 2 0 1 36 33 34
1925 2 2 0 1 844 852 443
1926 2 2 0 1 63 883 209
1927 2 2 0 1 909 910 596
1928 2 2 0 1 240 876 31
1929 2 2 0 1 790 938 474
1930 2 2 0 1 668 896 895
1931 2 2 0 1 832 840 1
1932 2 2 0 1 842 921 216
1933 2 2 0 1 80 875 840
1934 2 2 0 1 223 955 822
1935 2 2 0 1 823 901 518
1936 2 2 0 1 816 938 790
1937 2 2 0 1 852 853 443
1938 2 2 0 1 586 942 754
1939 2 2 0 1 878 939 804
1940 2 2 0 1 838 913 568
1941 2 2 0 1 860 879 513
1942 2 2 0 1 885 907 732
1943 2 2 0 1 788 958 552
1944 2 2 0 1 578 921 842
1945 2 2 0 1 862 953 630
1946 2 2 0 1 628 907 885
1947 2 2 0 1 546 914 897
1948 2 2 0 1 914 924 161
1949 2 2 0 1 825 908 389
1950 2 2 0 1 530 910 909
1951 2 2 0 1 659 938 816
1952 2 2 0 1 651 917 824
1953 2 2 0 1 389 889 870
1954 2 2 0 1 607 859 858
1955 2 2 0 1 932 940 537
1956 2 2 0 1 219 939 878
1957 2 2 0 1 923 930 565
1958 2 2 0 1 668 897 896
1959 2 2 0 1 833 949 419
1960 2 2 0 1 864 923 551
1961 2 2 0 1 37 846 163
1962 2 2 0 1 897 914 161
1963 2 2 0 1 803 919 848
1964 2 2 0 1 655 949 881
1965 2 2 0 1 607 916 859
1966 2 2 0 1 581 957 884
1967 2 2 0 1 44 41 42
1968 2 2 0 1 512 954 822
1969 2 2 0 1 887 913 522
1970 2 2 0 1 881 949 511
1971 2 2 0 1 893 894 139
1972 2 2 0 1 884 957 167
1973 2 2 0 1 556 940 932
1974 2 2 0 1 433 953 862
1975 2 2 0 1 45 159 41
1976 2 2 0 1 840 875 1
1977 2 2 0 1 53 484 52
1978 2 2 0 1 53 924 484
1979 2 2 0 1 37 163 33
1980 2 2 0 1 37 33 36
1981 2 2 0 1 45 41 44
1982 2 2 0 1 143 858 45
1983 2 2 0 1 1 508 88
1984 2 2 0 1 7 955 118
1985 2 2 0 1 9 929 8
1986 2 2 0 1 28 731 27
1987 2 2 0 1 33 163 139
1988 2 2 0 1 36 34 35
1989 2 2 0 1 44 42 43
1990 2 2 0 1 51 173 50
1991 2 2 0 1 173 785 50
1992 2 2 0 1 146 161 53
1993 2 2 0 1 161 924 53
1994 2 2 0 1 147 457 55
1995 2 2 0 1 67 609 66
1996 2 2 0 1 73 70 72
1997 2 2 0 1 73 853 70
1998 2 2 0 1 70 853 852
1999 2 2 0 1 82 508 81
2000 2 2 0 1 87 508 83
2001 2 2 0 1 85 784 84
2002 2 2 0 1 86 784 85
2003 2 2 0 1 88 508 87
2004 2 2 0 1 299 613 592
$EndElements
