$MeshFormat
2.2 0 8
$EndMeshFormat
$Nodes
725
1 4.5 0 0
2 13.5 0 0
3 4.5 40 0
4 0 42.25 0
5 0 45.25 0
6 4.5 47.5 0
7 13.5 47.5 0
8 18 45.25 0
9 18 42.25 0
10 13.5 40 0
11 7.7 47.5 0
12 10.3 47.5 0
13 7.7 50.5 0
14 10.3 50.5 0
15 4.5 0.999999999999276 0
16 4.5 1.999999999998205 0
17 4.5 2.999999999997454 0
18 4.5 3.999999999996757 0
19 4.5 4.999999999995886 0
20 4.5 5.999999999993141 0
21 4.5 6.999999999990224 0
22 4.5 7.999999999987307 0
23 4.5 8.999999999984389 0
24 4.5 9.999999999981473 0
25 4.5 10.99999999997856 0
26 4.5 11.99999999997564 0
27 4.5 12.99999999997272 0
28 4.5 13.9999999999698 0
29 4.5 14.99999999996689 0
30 4.5 15.99999999996411 0
31 4.5 16.99999999996507 0
32 4.5 17.9999999999666 0
33 4.5 18.99999999996812 0
34 4.5 19.99999999996964 0
35 4.5 20.99999999997116 0
36 4.5 21.99999999997269 0
37 4.5 22.99999999997421 0
38 4.5 23.99999999997573 0
39 4.5 24.99999999997726 0
40 4.5 25.99999999997878 0
41 4.5 26.9999999999803 0
42 4.5 27.99999999998182 0
43 4.5 28.99999999998334 0
44 4.5 29.99999999998487 0
45 4.5 30.99999999998639 0
46 4.5 31.99999999998791 0
47 4.5 32.99999999998942 0
48 4.5 33.99999999999093 0
49 4.5 34.99999999999245 0
50 4.5 35.99999999999396 0
51 4.5 36.99999999999547 0
52 4.5 37.99999999999698 0
53 4.5 38.99999999999849 0
54 3.75000000000229 40.37499999999886 0
55 3.000000000004579 40.74999999999771 0
56 2.2500000000068 41.1249999999966 0
57 1.500000000003236 41.49999999999838 0
58 0.7499999999996052 41.8750000000002 0
59 0 43.25 0
60 0 44.25 0
61 0.7499999999984408 45.62499999999922 0
62 1.499999999996005 45.999999999998 0
63 2.249999999993638 46.37499999999682 0
64 2.999999999997056 46.74999999999853 0
65 3.750000000000541 47.12500000000027 0
66 5.299999999997744 47.5 0
67 6.099999999995662 47.5 0
68 6.899999999997917 47.5 0
69 7.7 48.5 0
70 7.7 49.5 0
71 8.56666666666343 50.5 0
72 9.4333333333279 50.5 0
73 10.3 49.5 0
74 10.3 48.5 0
75 11.09999999999722 47.5 0
76 11.89999999999722 47.5 0
77 12.69999999999861 47.5 0
78 14.25 47.125 0
79 15 46.75 0
80 15.75 46.375 0
81 16.5 46 0
82 17.25 45.625 0
83 18 44.25 0
84 18 43.25 0
85 17.25 41.875 0
86 16.5 41.5 0
87 15.75 41.125 0
88 15 40.75 0
89 14.25 40.375 0
90 13.5 39 0
91 13.5 37.99999999999999 0
92 13.5 36.99999999999999 0
93 13.5 35.99999999999999 0
94 13.5 34.99999999999999 0
95 13.5 33.99999999999999 0
96 13.5 32.99999999999999 0
97 13.5 31.99999999999998 0
98 13.5 30.99999999999998 0
99 13.5 29.99999999999998 0
100 13.5 28.99999999999998 0
101 13.5 27.99999999999998 0
102 13.5 26.99999999999997 0
103 13.5 25.99999999999997 0
104 13.5 24.99999999999997 0
105 13.5 23.99999999999996 0
106 13.5 22.99999999999996 0
107 13.5 21.99999999999996 0
108 13.5 20.99999999999996 0
109 13.5 19.99999999999996 0
110 13.5 18.99999999999996 0
111 13.5 17.99999999999995 0
112 13.5 16.99999999999995 0
113 13.5 15.99999999999995 0
114 13.5 14.99999999999995 0
115 13.5 13.99999999999995 0
116 13.5 12.99999999999994 0
117 13.5 11.99999999999994 0
118 13.5 10.99999999999994 0
119 13.5 9.999999999999936 0
120 13.5 8.999999999999936 0
121 13.5 7.999999999999929 0
122 13.5 6.999999999999936 0
123 13.5 5.99999999999995 0
124 13.5 4.999999999999957 0
125 13.5 3.999999999999964 0
126 13.5 2.999999999999972 0
127 13.5 1.999999999999986 0
128 13.5 0.9999999999999858 0
129 12.5000000000027 0 0
130 11.50000000000539 0 0
131 10.50000000000809 0 0
132 9.50000000001079 0 0
133 8.500000000013488 0 0
134 7.500000000011445 0 0
135 6.500000000004277 0 0
136 5.49999999999738 0 0
137 10.72493856853204 46.71927399331094 0
138 7.29999999999895 46.80717967697065 0
139 12.69907565699188 39.4902108391351 0
140 5.339749375321497 6.458637619665911 0
141 5.366025403781912 9.499999999982931 0
142 5.366025396420775 12.49999999274997 0
143 5.366025299802393 15.5000000599986 0
144 12.63567359009536 36.50186091993004 0
145 12.62675430145617 33.50503646745544 0
146 12.62657291957628 30.50120519638129 0
147 12.63387556896348 27.49981993115515 0
148 12.63397056483812 24.49999066037995 0
149 12.63397352668541 21.49999755865477 0
150 12.63397431461785 18.49999934253545 0
151 12.71225514384612 40.39767069845001 0
152 11.92342993785758 39.94307742253417 0
153 4.477397651185374 40.79483335498631 0
154 5.201800347505491 40.44723786946125 0
155 12.71051659047879 4.542582492129352 0
156 5.311223626932599 37.39861980109917 0
157 11.93199110286579 40.84295063277641 0
158 12.63397459827367 13.50000001193463 0
159 12.63397441174046 10.50000015450469 0
160 12.63397437253011 7.50000004035274 0
161 5.366027348066311 20.49999686137201 0
162 5.366037718751038 23.49998568028305 0
163 5.366077515003338 26.49994584832321 0
164 5.366220260620233 29.49980145425858 0
165 5.365427594473434 32.49998601145147 0
166 5.167375246955324 41.27006801418584 0
167 5.900576528114862 40.91890966279963 0
168 14.28358807308108 46.31844629853794 0
169 9.040902365831911 0.8201650081394942 0
170 5.854659669652982 41.75486019737941 0
171 6.599522534538842 41.38577891629479 0
172 4.995772601545909 42.1667928320661 0
173 15.05024047358084 41.58701905283833 0
174 6.55174476934279 42.2224839877216 0
175 7.300861546412936 41.8452948309003 0
176 7.332791403680057 40.9819364190832 0
177 2.105863026354674 45.46135101013158 0
178 7.254171922567881 42.68436141521358 0
179 8.01412526616393 42.2760735855314 0
180 7.965043316241236 43.13215715865061 0
181 5.329103271090287 3.417284896811316 0
182 8.718839190854666 42.74191542285728 0
183 8.669852307933356 43.59195854347387 0
184 9.427173923755658 43.21497824622012 0
185 2.135875106371334 41.9272960573147 0
186 7.237455734370643 43.48319653190703 0
187 11.16727626578555 40.43568349614361 0
188 11.14951162201593 39.49908659688113 0
189 5.274128200255179 35.50391047861218 0
190 3.678817525553003 46.23984297406329 0
191 5.366025369124594 17.49999993993244 0
192 12.63397457092187 15.49999989649236 0
193 5.699999999996702 46.80717967697433 0
194 12.21800069540008 46.76568008823805 0
195 15.79742916891314 45.57666324987504 0
196 12.69237131497831 2.602643482224995 0
197 10.37913977614925 39.98782460173538 0
198 10.36662373338245 39.04510462754909 0
199 9.381218362218682 44.0416015764316 0
200 10.10612362447425 43.71211625526968 0
201 16.58860999924872 42.29716007856344 0
202 5.929745300143872 40.05705914283642 0
203 12.68628051546998 41.28199794250483 0
204 9.898665437825848 46.80640916714355 0
205 6.912180469687745 0.8397480724282503 0
206 9.573594980785169 39.50078437101591 0
207 9.571972600254892 38.57674221989742 0
208 8.77203968911393 39.03772892696644 0
209 8.768480544049659 38.10519838514213 0
210 9.580883883410152 37.6353940439074 0
211 8.761873481691886 37.15431717405077 0
212 9.592238634210664 36.67656501351797 0
213 8.760320959026132 36.19673962181065 0
214 9.598565148855879 35.70290219502294 0
215 8.752189551141651 35.21211581120392 0
216 9.596328221291973 34.73121811211638 0
217 8.755654322449457 34.21427056783621 0
218 9.764259860612166 33.67520019513334 0
219 8.790922063794692 33.22414240039947 0
220 9.608239286740655 32.74018865190776 0
221 8.757780103537572 32.24172424167554 0
222 9.605488735657303 31.75526502148287 0
223 8.764207995460506 31.24772063830176 0
224 9.76714898372046 30.68395391869691 0
225 8.788324602683746 30.25880892527806 0
226 9.612327952852825 29.75033915717258 0
227 8.763912523169363 29.31407208651491 0
228 9.568565246610387 28.76214332568397 0
229 8.740853948224188 28.30530755411132 0
230 9.533489482854844 27.72056536996251 0
231 8.748954963458702 27.25226167226515 0
232 9.576897262668471 26.70513376377686 0
233 8.749495826944958 26.25268631306738 0
234 9.561508556098964 25.74536148000002 0
235 8.757108837219763 25.25162705066649 0
236 9.536018331985758 24.70923223424509 0
237 8.750672430980504 24.25315447697406 0
238 9.578868188402248 23.70357797189838 0
239 8.751284054634551 23.25326761952439 0
240 9.563282024302941 22.74546099247254 0
241 8.758768431077563 22.25194954060932 0
242 9.53761793058573 21.70932269479339 0
243 8.752532559291971 21.25339247320838 0
244 9.580664849918211 20.70359267378855 0
245 8.75316302208083 20.25342271914853 0
246 9.565013653417948 19.74555920724161 0
247 8.760464730581605 19.25204761557345 0
248 9.53922517151393 18.70927208507101 0
249 8.754430753245643 18.25345637977829 0
250 9.582457881856424 17.70349568804279 0
251 8.764317743717465 17.24505468051947 0
252 9.568283223908356 16.74416720094044 0
253 8.763914416315892 16.25043592912093 0
254 9.5413833359429 15.70866060256929 0
255 8.756338816116619 15.25347350775786 0
256 9.58434144194886 14.70328155820249 0
257 8.766053160733954 14.245028104332 0
258 9.618441194716164 13.74416306028756 0
259 8.773666950052831 13.25043496542538 0
260 9.625818513538741 12.75187853251179 0
261 8.767005995035857 12.25325830057104 0
262 9.57780686697874 11.75360462927048 0
263 8.767846177687172 11.25338131102498 0
264 9.545357615709561 10.71052681202826 0
265 8.759524117630146 10.25347992453425 0
266 9.587543333094693 9.70339485841172 0
267 8.760161355177981 9.25348035756307 0
268 9.571395522545348 8.745561859542132 0
269 8.766741296025494 8.252078581553508 0
270 9.545143958102788 7.70884930017055 0
271 8.748759923846535 7.245716742451773 0
272 9.586918824362124 6.701701463763643 0
273 8.753150351231707 6.243465302846606 0
274 9.620119710779186 5.743642048082165 0
275 8.762710439322978 5.253481525473275 0
276 9.627671405151768 4.752301669838006 0
277 8.763117243524245 4.253193107178474 0
278 9.629422683658916 3.753697019108494 0
279 8.650013904096404 44.54914293869834 0
280 11.93160131300062 41.72222553003766 0
281 12.63313038133971 42.15134866692108 0
282 7.964796129253568 38.57553132578046 0
283 9.486550575021617 42.33723169995122 0
284 7.896965456493804 4.752881630018149 0
285 7.897596340151305 3.75287383255917 0
286 7.935708696322962 7.792690986952849 0
287 7.933553386297163 10.83547221369301 0
288 7.935144434612015 13.83357196050629 0
289 7.911030704072282 33.78075613093603 0
290 7.930229230937309 18.83523692112781 0
291 7.929168880927286 21.83518164131493 0
292 7.928140910336181 24.83498410090991 0
293 7.930493613970484 30.85465261569559 0
294 7.905898559111734 27.8847275649605 0
295 0.8879315259275797 43.83524244397312 0
296 10.07938709825708 44.50435545748188 0
297 10.78688710220749 44.18782421134554 0
298 7.916823186163653 36.67932917821191 0
299 10.37662521196646 35.19341619159788 0
300 7.932763052918943 16.83357337408256 0
301 10.36562864509468 32.17716407283979 0
302 10.99781819526331 0.8180321741739137 0
303 11.10847695844793 38.55615265903121 0
304 10.49059660617908 29.13453338329613 0
305 10.48918049910708 26.12752122552952 0
306 10.49020113223911 23.12734391586979 0
307 10.49120431351496 20.1272417903808 0
308 10.49243052462397 17.12687171444928 0
309 10.52217895459647 12.1719796100914 0
310 10.49494543143615 9.126604747147347 0
311 10.40999657560972 6.114502978183729 0
312 9.382515983684545 47.5562490892499 0
313 9.096837762723805 46.80689555942112 0
314 9.5900561620715 40.44193979305028 0
315 10.75974723037348 44.98630486510354 0
316 11.50235522075879 44.61277374774553 0
317 11.46807377251634 43.7593543898739 0
318 12.22410610155867 44.26207546783891 0
319 10.35667846860331 14.2011826022239 0
320 10.49512284722971 4.2542408008235 0
321 10.49594473851727 3.254472204797807 0
322 12.19861855616294 45.0812902798509 0
323 12.94947230583533 44.71182331673004 0
324 12.96743381734673 43.79248973040343 0
325 13.70366537415281 44.32434362674202 0
326 13.78886401187617 43.50696758204901 0
327 14.47090786147156 43.96412734239434 0
328 9.493358841529771 46.11344634497161 0
329 8.675431570400049 46.12096262791633 0
330 10.39542676587809 37.16587361626519 0
331 17.15888503474297 43.75509612790326 0
332 9.63026893558378 2.753958933624576 0
333 8.999999999995666 49.74944465005584 0
334 14.52947836206281 43.123282698659 0
335 15.23233584547484 43.59497327983891 0
336 13.44123771828964 41.84009688191907 0
337 12.89978545200718 45.5157478860225 0
338 7.046155538510522 4.252370049647806 0
339 7.049275597142314 3.252376968694103 0
340 7.033129986288021 5.252368393386398 0
341 7.901161141293263 2.752920621164789 0
342 14.40937440684376 44.77003748217411 0
343 7.979558720050531 39.50208282215113 0
344 7.176914224645334 39.0281477960492 0
345 7.123838200410852 38.06467289357015 0
346 5.347743192558671 1.495998166852651 0
347 6.354679563550359 38.59504634403183 0
348 6.17516216189257 4.834741196249906 0
349 11.36174200690884 3.755137597489425 0
350 11.28846282520247 4.693492168968051 0
351 11.86761808143519 42.53785452235681 0
352 11.13707991719194 42.18588176327584 0
353 10.51774471650729 2.285866199073224 0
354 15.29748089420448 42.68096805415013 0
355 7.073270864613997 2.317126491406876 0
356 7.926834237766716 1.866770142857952 0
357 8.479422863406898 48 0
358 9.094688704338797 45.40769473571137 0
359 8.240069800219489 45.40168400205037 0
360 7.756594438692005 44.72332360720274 0
361 7.428854872984267 45.46123715792655 0
362 6.958458276697839 44.79792704052081 0
363 6.632507523993607 45.55118375436052 0
364 6.140963339938485 44.85023014965051 0
365 5.840149001134142 45.58244277123866 0
366 5.327822394693047 44.96837555425564 0
367 5.605980140403199 44.18764394379617 0
368 4.814323844896254 44.33173321007871 0
369 4.512870999203637 45.07231420874801 0
370 4.004956390676665 44.41934552645347 0
371 4.395992408152481 43.56087961343474 0
372 3.516804908989599 43.73570461612835 0
373 3.837328647876331 42.98580628372824 0
374 3.034985858139033 43.09030473060945 0
375 2.681827400626222 43.85284909958256 0
376 2.282516028414556 43.20023130177717 0
377 3.377445788450585 42.31721630516768 0
378 3.63330062712713 45.3044487248131 0
379 15.93967237305294 43.30794531166082 0
380 15.85546141325085 44.06486035062966 0
381 7.264062853105735 39.98900783624692 0
382 13.82320252929285 42.64529469265995 0
383 8.210814076361959 46.79512609378915 0
384 4.16978312583358 42.2185705004642 0
385 3.627908652527584 41.56683977287138 0
386 1.854238083920942 43.92236140415552 0
387 9.956869138173184 45.39810687343404 0
388 10.72167959247141 45.8195892436113 0
389 12.18018068710262 45.89765279974493 0
390 6.190367402864007 2.819172612723907 0
391 6.164316160438779 5.751825718038602 0
392 7.056886301227898 6.293747946601681 0
393 9.579270790106627 1.705414403514392 0
394 12.57761150824153 43.00003433888087 0
395 2.34925605280759 44.64233166535088 0
396 1.537870170185373 44.67523697656654 0
397 12.67692937466672 38.49404075066781 0
398 13.46742756991643 40.87961357318136 0
399 17.24030550604518 44.76080294370696 0
400 5.363425651397651 38.49549709677456 0
401 8.791288082561518 39.96337199581008 0
402 8.809475917915154 40.89086618390171 0
403 9.577320453488673 41.33157622506397 0
404 8.805387325603258 41.7776555859208 0
405 10.3234060379987 41.86387774493492 0
406 10.37306565320169 40.89877310134399 0
407 10.3273859264922 42.83890450022274 0
408 11.09278686287501 43.02639551328193 0
409 0.777436044008498 42.80064112254666 0
410 4.371038009764035 46.68452290169385 0
411 14.21479204189282 41.38291591621424 0
412 13.57506035998837 46.67967855923698 0
413 12.64995049037711 37.48683027683044 0
414 11.82694217531243 37.04900397064258 0
415 11.82681561194812 36.07797931140674 0
416 6.226620429772241 37.68603865117775 0
417 6.024123807190163 36.74680535454934 0
418 6.512640647787181 43.04992350118033 0
419 6.502833235372764 43.9983141812118 0
420 6.977978116036001 36.93298187707193 0
421 6.602387712793615 35.98074472855362 0
422 11.46154872260488 45.4457866393421 0
423 11.46772471101804 46.26639960962291 0
424 5.789588118375434 42.59698926841467 0
425 5.075540933838181 43.01646666501042 0
426 5.348564661488339 34.50142964362994 0
427 6.219985502691636 35.07944950677468 0
428 6.193967882474507 33.99093599451741 0
429 7.183787983242092 35.29272570602824 0
430 8.034329829292275 40.45773814198439 0
431 13.6415071848786 45.14386291544069 0
432 12.64210583977702 35.51615293059956 0
433 11.84427787671051 35.05797666889154 0
434 12.63534175500913 34.51097561065542 0
435 11.82056450828938 34.01874327547998 0
436 11.79224794184744 33.04806769753935 0
437 10.90502473173153 33.6133274458422 0
438 12.62857804809656 32.51081869249504 0
439 11.82914902363663 32.05541760668716 0
440 12.62762591966746 31.50963158504187 0
441 11.8144131856442 31.01294984800497 0
442 11.78954441804866 30.0426955166456 0
443 10.90617141908855 30.61524892816803 0
444 12.63353641158766 29.50768941635231 0
445 11.6139574854748 29.05312595148709 0
446 2.949843560146717 45.91310822200202 0
447 5.356445504682625 33.49872529986477 0
448 6.206851239960217 32.99984230731749 0
449 6.226900483393587 32.00109958848572 0
450 7.081199727745972 32.41587770124136 0
451 7.081087094014993 31.44370499314684 0
452 6.212013466366974 30.99089935928349 0
453 7.899761981643199 5.758145675052899 0
454 11.99563011076531 0.8438570042136564 0
455 11.42249904128622 1.718400282133468 0
456 5.366025403784977 16.49999999996566 0
457 6.216468232789031 16.00000007000292 0
458 6.229453322758034 15.00000032032944 0
459 7.085859721636049 15.41766054034008 0
460 7.078591176043557 14.4173694586766 0
461 6.212957757660414 13.98622839862876 0
462 6.213870932502665 16.99999994159872 0
463 6.213324985092861 17.99999947078256 0
464 7.058498910930757 17.431090306063 0
465 5.362904575304334 18.49999912887456 0
466 6.212713621457635 18.99999920437146 0
467 5.362282805372907 19.49999846035564 0
468 6.228202271209676 19.99999762762314 0
469 6.215547607054045 20.99999243711837 0
470 7.084723174931221 20.41764112137253 0
471 7.073621654267495 19.41763639346267 0
472 5.363278402144527 21.49999329444027 0
473 6.212981782451905 21.99999142068728 0
474 5.362393260938015 22.49999119449645 0
475 6.228265028545412 22.99998789625996 0
476 6.215405934026629 23.99996862039067 0
477 7.084259506795189 23.41757990316249 0
478 7.073110256975767 22.41759228499898 0
479 5.363269060324559 24.49997340160272 0
480 6.21281075076671 24.99996656581236 0
481 5.362377288566027 25.49996581576341 0
482 6.228234442003769 25.99995651219442 0
483 6.215297021889701 26.99988377809776 0
484 7.083834345639464 26.41735416032997 0
485 7.072540011421776 25.41743102169593 0
486 5.363302468249747 27.49990045249309 0
487 6.21271306019972 27.99977450192085 0
488 5.362416761964154 28.49985581491528 0
489 6.228268956319683 28.99964135737144 0
490 7.052094504776272 28.48041227371363 0
491 7.055626591850867 29.47548742181663 0
492 6.204792175808795 29.99447174480711 0
493 5.366558547956519 30.4997592477028 0
494 12.70818161688535 3.609369445218164 0
495 12.63397459234303 14.4999999847378 0
496 11.79333701590337 15.04244294447697 0
497 11.77841892963823 15.9962685795842 0
498 11.0170737999477 15.57973328047414 0
499 12.63571951877821 16.49937770534489 0
500 11.61446088386737 17.04462496135755 0
501 12.60868397961491 17.50733362439617 0
502 11.76794916042606 17.99999973713927 0
503 11.77414706503027 18.98926442300607 0
504 11.0115437079435 18.57168364911739 0
505 12.63500730760465 19.49820917742223 0
506 11.61341441797123 20.0435695036799 0
507 12.60839069523895 20.50696258599447 0
508 11.76794891917243 20.99999927621 0
509 11.77411012315943 21.98932746026897 0
510 11.01095581752907 21.57186181797952 0
511 12.63500056188956 22.49821539044263 0
512 11.61310783167823 23.04362954217081 0
513 12.60833789497239 23.50697206852903 0
514 11.76794841142843 23.99999681818086 0
515 11.7740861657179 24.98936388798292 0
516 11.01038854587049 24.57194494003663 0
517 12.63499389898301 25.49820521729678 0
518 11.61280843320613 26.04360499031114 0
519 12.6082706053108 26.50693651536219 0
520 11.76794573071217 26.99998895341016 0
521 11.74833806467983 27.99801691856387 0
522 11.00560319003683 27.57312294086161 0
523 11.82297545392032 14.09200704278399 0
524 11.82798168927124 13.10031509207737 0
525 12.64397996933854 12.51671926565589 0
526 11.62721149329007 12.06834423085707 0
527 12.61218581156491 11.51417733905422 0
528 11.7531058603533 11.00202101049523 0
529 11.79110440015337 10.04276868135707 0
530 11.01346303199564 10.58041598469356 0
531 12.63783352246799 9.507128203263719 0
532 11.61735993510308 9.052159222125278 0
533 12.60951933465638 8.509881307784578 0
534 11.74512334368385 7.999343789324683 0
535 11.81474477314097 6.999890630009685 0
536 11.04148648392057 7.530199708826743 0
537 12.64177363015354 6.499981792454631 0
538 11.92964462296271 5.998902999727905 0
539 5.366025400837028 11.50000002129713 0
540 6.232050757028035 11.99999998693594 0
541 6.216808315046016 11.00000002768592 0
542 7.078573183187122 11.43140963328544 0
543 7.086106148962579 12.4062301414906 0
544 6.211461056138995 12.98207652932934 0
545 5.359411533013419 13.49471748676982 0
546 5.363484989895487 10.50000000815124 0
547 6.213844504637665 10.00000002069358 0
548 6.229016386671647 9.000000024276527 0
549 7.086283723592759 9.417662165368739 0
550 7.098056532136543 8.465976652911369 0
551 6.235149901415835 7.953068579151479 0
552 5.364054571910582 7.492492023699512 0
553 6.222490974471981 6.9321604323858 0
554 8.7643647738929 3.253354283944973 0
555 11.27598283954149 2.763449845224446 0
556 8.736057986737187 2.307788340703896 0
557 7.918998696171649 6.764366908610325 0
558 10.44183885104012 5.175287573502055 0
559 12.72568758885944 5.506911151978003 0
560 5.365707710629995 8.490926771180357 0
561 5.366024987860333 14.49999999996834 0
562 10.40563339752821 13.23691450917195 0
563 15.80024047358087 41.96201905283827 0
564 5.365260698491157 31.49999999998717 0
565 15.04781851525223 45.95670367119454 0
566 5.228979588419061 39.50705744205698 0
567 12.60495125511763 28.50977536959306 0
568 3.177604881701319 44.5169027909875 0
569 14.57959016563658 42.28305464605373 0
570 10.3695616272097 36.19168187362379 0
571 6.560976556374376 46.81407605949312 0
572 5.11517621269028 45.6774165052155 0
573 17.30024047358085 42.71201905283829 0
574 15.15335068558352 44.39597650968168 0
575 7.822066541910386 46.11773234997421 0
576 7.918964942934268 37.58533847230456 0
577 5.76787627398301 43.41755748416331 0
578 8.608060079093923 49.00341405003118 0
579 9.405446562681213 48.34327718988017 0
580 10.01748342051816 0.801525803226715 0
581 11.89482950492439 38.98460804310569 0
582 10.34391172155814 38.11106313002308 0
583 8.049495214844601 41.37159412455362 0
584 0.7200590518403054 44.82600288379753 0
585 11.86620248195065 38.04295788562766 0
586 12.54473924205172 1.601182717529923 0
587 5.951419350412824 0.8176320576198959 0
588 16.5149242072174 45.21036770825496 0
589 7.957409742120853 0.9422434561314242 0
590 6.592820092426043 40.48976183749556 0
591 1.440089774519983 42.32145649111394 0
592 7.960665723621783 35.72900813138588 0
593 11.1603915270195 41.32685243590933 0
594 7.929236322627106 43.9469165661995 0
595 11.01065299947861 28.40227480861707 0
596 11.01637587688652 25.39726968817538 0
597 11.01692738080335 22.39728647538276 0
598 2.842567652543755 41.69414324499625 0
599 11.01749406121103 19.39722475533171 0
600 11.02009154171786 16.40037762755631 0
601 10.36240768241113 31.35010321563265 0
602 11.02311195480021 11.4154316759054 0
603 11.0198862325021 8.392541142173243 0
604 10.36131785501565 34.34589282262882 0
605 7.062232537244999 33.38105854381341 0
606 5.347292583195633 2.428408495875578 0
607 6.177751330834696 3.84599095402056 0
608 5.29463258051682 4.475584125791451 0
609 5.276103884458585 5.499999999994515 0
610 7.077881850291144 7.367001917768917 0
611 7.973096768500968 8.771076010781057 0
612 7.919873454649766 9.838528456347511 0
613 7.074822761235081 10.42051208617903 0
614 7.949941311669887 11.80236929750404 0
615 7.919577618885572 12.84097755361615 0
616 7.073973032050521 13.41107567370796 0
617 7.948259568703103 14.8008620015377 0
618 7.915286224217416 15.84266755880022 0
619 7.070457845832476 16.42083196514792 0
620 7.907357294131119 17.84973514606454 0
621 7.065957616136195 18.42228290697867 0
622 7.961557957584405 32.7610604630286 0
623 7.930644086978957 19.82148435811 0
624 7.908855168353023 20.84685151953497 0
625 7.070731145115542 21.41954173750451 0
626 7.929564495331663 22.82138515379694 0
627 7.907643555747755 23.84671909524654 0
628 7.073112540704606 30.4386533857915 0
629 7.929387748718987 31.82745677551495 0
630 7.07013344484904 24.41944155120298 0
631 7.928519660533405 25.82102340259947 0
632 7.902975253027423 26.85464003140784 0
633 7.062135457440719 27.43946538507176 0
634 7.912174738224658 28.88878518018606 0
635 7.927378535085863 34.76465600074996 0
636 6.289968134726814 1.753256458183533 0
637 6.477998654800011 39.47690763748001 0
638 13.58513165116832 45.91590522153911 0
639 12.90486965119765 46.2832767211838 0
640 4.402298015698119 45.9025439754656 0
641 7.058558859697463 46.12801700706554 0
642 14.35304531623804 45.54694328688245 0
643 15.09369843551442 45.17524677840876 0
644 7.920607435100621 29.87174326921379 0
645 2.843173629627486 45.16762848265702 0
646 4.382866386485048 41.4980003201166 0
647 15.81925032642826 44.81961636369218 0
648 7.083063857468563 34.38159698046994 0
649 5.050963617028973 46.39910687346905 0
650 9.432435441416827 44.78018031635145 0
651 5.131942720254624 43.70285618329667 0
652 5.213722835389678 36.47194668356453 0
653 6.240880587310455 46.18313173209853 0
654 11.49999999999722 46.95041489349018 0
655 11.08203238986066 37.62612095597685 0
656 1.548067677138261 43.10784605142701 0
657 7.276915601552071 44.18993558540838 0
658 2.664176367901647 42.47850733462945 0
659 12.18913171385748 43.59677464474124 0
660 10.16061210276979 46.1916897926239 0
661 8.633557971511406 47.34338639305501 0
662 11.08031131728652 36.65154959103098 0
663 16.57264516015911 43.06784749684313 0
664 16.50951303860955 44.42267038419378 0
665 10.48690917188823 1.46554323353249 0
666 11.11032381576624 35.61481763416754 0
667 11.12985334511648 34.56163507831111 0
668 12.97105906151937 46.92499577232128 0
669 12.7679491922613 0.7320508077394264 0
670 5.232050807568035 0.7320508075685421 0
671 13.15080883799784 42.57105923557607 0
672 7.327629477358339 36.20204499001979 0
673 10.32925148528295 32.99560127317949 0
674 10.28682444553124 28.14248536257145 0
675 5.829565476684043 39.10291435392502 0
676 10.28773624839577 25.13789167696345 0
677 10.28881344577081 22.13790780241526 0
678 1.34460451247348 45.37329097504615 0
679 10.28990266576729 19.13781525193271 0
680 10.29210103493866 16.13878763082047 0
681 11.06481707601465 32.56807703884394 0
682 10.2979118846393 11.14723550218334 0
683 4.462369672265174 42.79174813872285 0
684 11.11122165408327 31.57548752883983 0
685 10.29727277938869 8.131887569085166 0
686 10.32379715201837 27.17046458511344 0
687 11.04794519796351 26.76150301995562 0
688 10.32580964332633 24.16742435551262 0
689 10.32696132174817 21.16743517238975 0
690 11.0516454130646 23.75455539406238 0
691 10.3281567070998 18.16730446273597 0
692 11.05251157317025 20.75468425498099 0
693 10.30763800325113 15.1810506065025 0
694 11.04385433322462 29.75181723679871 0
695 11.05338029089368 17.75468838780265 0
696 10.33248684597135 10.17046134473425 0
697 14.01123693226878 41.98940045686798 0
698 11.05867833749007 14.64189294144391 0
699 11.07822356408052 13.69513249400207 0
700 8.614448041779841 1.514311659116697 0
701 10.34540791112894 7.055267782613791 0
702 11.07383110551079 12.80575584588074 0
703 11.21355135224038 5.516145338699184 0
704 11.05357592690432 9.769128003617034 0
705 11.14858233105852 6.525584515057746 0
706 9.551110093031062 49.15762636218071 0
707 11.96513721277341 5.085588251167062 0
708 11.94844134462669 4.219580217224105 0
709 11.93981424487419 3.243717956383066 0
710 10.3640198590131 29.98717852482647 0
711 10.7323090111781 43.52203566323673 0
712 15.98836413642031 42.61170013784068 0
713 9.716888685270925 49.88141420244731 0
714 8.314945349150603 49.8505717400174 0
715 11.75603213717551 43.17508088020683 0
716 4.97179658513714 46.98920679673616 0
717 2.023302023774542 42.59566061803625 0
718 9.86206929273381 47.98205826413037 0
719 5.869244636100332 35.97491021157901 0
720 5.607621797641922 46.15443711513058 0
721 11.95531498480331 2.349363880225104 0
722 3.85896104086252 40.9708974461258 0
723 16.4307543517505 43.73197056112249 0
724 7.207503079754831 1.554709310377576 0
725 13.25642904382524 43.12737253922141 0
$EndNodes
$Elements
1462
1 15 2 0 1 1
2 15 2 0 3 2
3 15 2 0 4 3
4 15 2 0 5 4
5 15 2 0 6 5
6 15 2 0 7 6
7 15 2 0 8 7
8 15 2 0 9 8
9 15 2 0 10 9
10 15 2 0 11 10
11 15 2 0 12 11
12 15 2 0 13 12
13 15 2 0 14 13
14 15 2 0 15 14
15 1 2 0 1 1 15
16 1 2 0 1 15 16
17 1 2 0 1 16 17
18 1 2 0 1 17 18
19 1 2 0 1 18 19
20 1 2 0 1 19 20
21 1 2 0 1 20 21
22 1 2 0 1 21 22
23 1 2 0 1 22 23
24 1 2 0 1 23 24
25 1 2 0 1 24 25
26 1 2 0 1 25 26
27 1 2 0 1 26 27
28 1 2 0 1 27 28
29 1 2 0 1 28 29
30 1 2 0 1 29 30
31 1 2 0 1 30 31
32 1 2 0 1 31 32
33 1 2 0 1 32 33
34 1 2 0 1 33 34
35 1 2 0 1 34 35
36 1 2 0 1 35 36
37 1 2 0 1 36 37
38 1 2 0 1 37 38
39 1 2 0 1 38 39
40 1 2 0 1 39 40
41 1 2 0 1 40 41
42 1 2 0 1 41 42
43 1 2 0 1 42 43
44 1 2 0 1 43 44
45 1 2 0 1 44 45
46 1 2 0 1 45 46
47 1 2 0 1 46 47
48 1 2 0 1 47 48
49 1 2 0 1 48 49
50 1 2 0 1 49 50
51 1 2 0 1 50 51
52 1 2 0 1 51 52
53 1 2 0 1 52 53
54 1 2 0 1 53 3
55 1 2 0 2 3 54
56 1 2 0 2 54 55
57 1 2 0 2 55 56
58 1 2 0 2 56 57
59 1 2 0 2 57 58
60 1 2 0 2 58 4
61 1 2 0 3 4 59
62 1 2 0 3 59 60
63 1 2 0 3 60 5
64 1 2 0 4 5 61
65 1 2 0 4 61 62
66 1 2 0 4 62 63
67 1 2 0 4 63 64
68 1 2 0 4 64 65
69 1 2 0 4 65 6
70 1 2 0 5 6 66
71 1 2 0 5 66 67
72 1 2 0 5 67 68
73 1 2 0 5 68 11
74 1 2 0 6 11 69
75 1 2 0 6 69 70
76 1 2 0 6 70 13
77 1 2 0 7 13 71
78 1 2 0 7 71 72
79 1 2 0 7 72 14
80 1 2 0 8 14 73
81 1 2 0 8 73 74
82 1 2 0 8 74 12
83 1 2 0 9 12 75
84 1 2 0 9 75 76
85 1 2 0 9 76 77
86 1 2 0 9 77 7
87 1 2 0 10 7 78
88 1 2 0 10 78 79
89 1 2 0 10 79 80
90 1 2 0 10 80 81
91 1 2 0 10 81 82
92 1 2 0 10 82 8
93 1 2 0 11 8 83
94 1 2 0 11 83 84
95 1 2 0 11 84 9
96 1 2 0 12 9 85
97 1 2 0 12 85 86
98 1 2 0 12 86 87
99 1 2 0 12 87 88
100 1 2 0 12 88 89
101 1 2 0 12 89 10
102 1 2 0 13 10 90
103 1 2 0 13 90 91
104 1 2 0 13 91 92
105 1 2 0 13 92 93
106 1 2 0 13 93 94
107 1 2 0 13 94 95
108 1 2 0 13 95 96
109 1 2 0 13 96 97
110 1 2 0 13 97 98
111 1 2 0 13 98 99
112 1 2 0 13 99 100
113 1 2 0 13 100 101
114 1 2 0 13 101 102
115 1 2 0 13 102 103
116 1 2 0 13 103 104
117 1 2 0 13 104 105
118 1 2 0 13 105 106
119 1 2 0 13 106 107
120 1 2 0 13 107 108
121 1 2 0 13 108 109
122 1 2 0 13 109 110
123 1 2 0 13 110 111
124 1 2 0 13 111 112
125 1 2 0 13 112 113
126 1 2 0 13 113 114
127 1 2 0 13 114 115
128 1 2 0 13 115 116
129 1 2 0 13 116 117
130 1 2 0 13 117 118
131 1 2 0 13 118 119
132 1 2 0 13 119 120
133 1 2 0 13 120 121
134 1 2 0 13 121 122
135 1 2 0 13 122 123
136 1 2 0 13 123 124
137 1 2 0 13 124 125
138 1 2 0 13 125 126
139 1 2 0 13 126 127
140 1 2 0 13 127 128
141 1 2 0 13 128 2
142 1 2 0 14 2 129
143 1 2 0 14 129 130
144 1 2 0 14 130 131
145 1 2 0 14 131 132
146 1 2 0 14 132 133
147 1 2 0 14 133 134
148 1 2 0 14 134 135
149 1 2 0 14 135 136
150 1 2 0 14 136 1
151 2 2 0 1 345 576 420
152 2 2 0 1 354 563 173
153 2 2 0 1 173 569 354
154 2 2 0 1 378 446 190
155 2 2 0 1 279 359 358
156 2 2 0 1 362 419 364
157 2 2 0 1 295 584 396
158 2 2 0 1 405 407 352
159 2 2 0 1 407 408 352
160 2 2 0 1 312 661 357
161 2 2 0 1 314 406 197
162 2 2 0 1 347 416 400
163 2 2 0 1 295 396 386
164 2 2 0 1 357 579 312
165 2 2 0 1 283 405 403
166 2 2 0 1 400 416 156
167 2 2 0 1 381 637 590
168 2 2 0 1 550 610 551
169 2 2 0 1 294 634 229
170 2 2 0 1 590 637 202
171 2 2 0 1 333 706 578
172 2 2 0 1 389 423 194
173 2 2 0 1 190 640 378
174 2 2 0 1 89 411 88
175 2 2 0 1 218 604 437
176 2 2 0 1 518 596 305
177 2 2 0 1 403 404 283
178 2 2 0 1 512 597 306
179 2 2 0 1 437 673 218
180 2 2 0 1 506 599 307
181 2 2 0 1 305 687 518
182 2 2 0 1 500 600 308
183 2 2 0 1 197 406 187
184 2 2 0 1 306 690 512
185 2 2 0 1 182 404 179
186 2 2 0 1 420 576 298
187 2 2 0 1 526 602 309
188 2 2 0 1 279 360 359
189 2 2 0 1 307 692 506
190 2 2 0 1 358 650 279
191 2 2 0 1 532 603 310
192 2 2 0 1 11 383 138
193 2 2 0 1 308 695 500
194 2 2 0 1 395 396 177
195 2 2 0 1 352 593 405
196 2 2 0 1 140 553 391
197 2 2 0 1 391 553 392
198 2 2 0 1 578 706 579
199 2 2 0 1 345 420 416
200 2 2 0 1 364 419 367
201 2 2 0 1 410 649 640
202 2 2 0 1 445 595 304
203 2 2 0 1 224 601 443
204 2 2 0 1 309 702 526
205 2 2 0 1 137 423 388
206 2 2 0 1 310 704 532
207 2 2 0 1 304 694 445
208 2 2 0 1 443 710 224
209 2 2 0 1 640 649 572
210 2 2 0 1 176 430 381
211 2 2 0 1 286 610 550
212 2 2 0 1 405 593 406
213 2 2 0 1 490 634 294
214 2 2 0 1 430 583 402
215 2 2 0 1 423 654 194
216 2 2 0 1 283 404 182
217 2 2 0 1 587 636 205
218 2 2 0 1 685 701 270
219 2 2 0 1 682 696 264
220 2 2 0 1 536 701 685
221 2 2 0 1 362 657 419
222 2 2 0 1 530 696 682
223 2 2 0 1 605 622 450
224 2 2 0 1 289 622 605
225 2 2 0 1 680 693 254
226 2 2 0 1 679 691 248
227 2 2 0 1 498 693 680
228 2 2 0 1 677 689 242
229 2 2 0 1 504 691 679
230 2 2 0 1 676 688 236
231 2 2 0 1 510 689 677
232 2 2 0 1 8 399 82
233 2 2 0 1 516 688 676
234 2 2 0 1 674 686 230
235 2 2 0 1 55 598 385
236 2 2 0 1 522 686 674
237 2 2 0 1 403 406 314
238 2 2 0 1 383 575 138
239 2 2 0 1 4 409 58
240 2 2 0 1 11 661 383
241 2 2 0 1 88 411 173
242 2 2 0 1 203 398 151
243 2 2 0 1 328 387 358
244 2 2 0 1 396 678 177
245 2 2 0 1 181 608 607
246 2 2 0 1 607 608 348
247 2 2 0 1 632 633 294
248 2 2 0 1 484 633 632
249 2 2 0 1 549 613 612
250 2 2 0 1 612 613 287
251 2 2 0 1 543 616 615
252 2 2 0 1 615 616 288
253 2 2 0 1 459 619 618
254 2 2 0 1 464 621 620
255 2 2 0 1 477 630 627
256 2 2 0 1 618 619 300
257 2 2 0 1 470 625 624
258 2 2 0 1 627 630 292
259 2 2 0 1 620 621 290
260 2 2 0 1 624 625 291
261 2 2 0 1 398 411 89
262 2 2 0 1 83 399 8
263 2 2 0 1 636 724 205
264 2 2 0 1 59 409 4
265 2 2 0 1 385 722 55
266 2 2 0 1 359 575 329
267 2 2 0 1 397 585 581
268 2 2 0 1 388 660 137
269 2 2 0 1 378 645 446
270 2 2 0 1 176 583 430
271 2 2 0 1 381 590 176
272 2 2 0 1 336 398 203
273 2 2 0 1 439 684 681
274 2 2 0 1 681 684 301
275 2 2 0 1 411 569 173
276 2 2 0 1 60 584 295
277 2 2 0 1 581 585 303
278 2 2 0 1 353 555 455
279 2 2 0 1 455 586 454
280 2 2 0 1 69 357 11
281 2 2 0 1 381 430 343
282 2 2 0 1 357 661 11
283 2 2 0 1 666 667 299
284 2 2 0 1 200 407 184
285 2 2 0 1 433 667 666
286 2 2 0 1 151 398 10
287 2 2 0 1 404 583 179
288 2 2 0 1 352 408 351
289 2 2 0 1 215 635 592
290 2 2 0 1 622 629 450
291 2 2 0 1 450 629 451
292 2 2 0 1 361 575 359
293 2 2 0 1 283 407 405
294 2 2 0 1 90 139 10
295 2 2 0 1 608 609 348
296 2 2 0 1 348 609 391
297 2 2 0 1 551 610 553
298 2 2 0 1 406 593 187
299 2 2 0 1 425 683 371
300 2 2 0 1 549 611 550
301 2 2 0 1 549 612 611
302 2 2 0 1 184 407 283
303 2 2 0 1 543 614 542
304 2 2 0 1 543 615 614
305 2 2 0 1 459 617 460
306 2 2 0 1 459 618 617
307 2 2 0 1 470 623 471
308 2 2 0 1 470 624 623
309 2 2 0 1 229 634 227
310 2 2 0 1 477 626 478
311 2 2 0 1 477 627 626
312 2 2 0 1 628 644 491
313 2 2 0 1 484 631 485
314 2 2 0 1 484 632 631
315 2 2 0 1 84 573 331
316 2 2 0 1 336 671 382
317 2 2 0 1 402 583 404
318 2 2 0 1 606 636 346
319 2 2 0 1 371 651 425
320 2 2 0 1 154 566 3
321 2 2 0 1 329 575 383
322 2 2 0 1 360 361 359
323 2 2 0 1 194 639 389
324 2 2 0 1 382 697 336
325 2 2 0 1 139 151 10
326 2 2 0 1 405 406 403
327 2 2 0 1 455 721 586
328 2 2 0 1 421 429 427
329 2 2 0 1 336 411 398
330 2 2 0 1 331 399 83
331 2 2 0 1 384 683 172
332 2 2 0 1 393 580 169
333 2 2 0 1 187 593 157
334 2 2 0 1 84 331 83
335 2 2 0 1 401 402 314
336 2 2 0 1 387 650 358
337 2 2 0 1 78 412 7
338 2 2 0 1 206 401 314
339 2 2 0 1 202 566 154
340 2 2 0 1 60 295 59
341 2 2 0 1 90 397 139
342 2 2 0 1 295 409 59
343 2 2 0 1 390 636 606
344 2 2 0 1 343 430 401
345 2 2 0 1 146 442 441
346 2 2 0 1 91 413 397
347 2 2 0 1 419 577 367
348 2 2 0 1 388 423 422
349 2 2 0 1 98 440 97
350 2 2 0 1 172 646 384
351 2 2 0 1 455 665 353
352 2 2 0 1 328 660 387
353 2 2 0 1 3 566 53
354 2 2 0 1 390 606 181
355 2 2 0 1 181 607 390
356 2 2 0 1 391 609 140
357 2 2 0 1 402 403 314
358 2 2 0 1 553 610 392
359 2 2 0 1 293 628 451
360 2 2 0 1 343 401 208
361 2 2 0 1 344 381 343
362 2 2 0 1 550 611 286
363 2 2 0 1 402 404 403
364 2 2 0 1 592 635 429
365 2 2 0 1 208 401 206
366 2 2 0 1 287 613 542
367 2 2 0 1 542 614 287
368 2 2 0 1 451 629 293
369 2 2 0 1 146 441 440
370 2 2 0 1 97 440 438
371 2 2 0 1 288 616 460
372 2 2 0 1 460 617 288
373 2 2 0 1 399 588 82
374 2 2 0 1 91 397 90
375 2 2 0 1 388 422 315
376 2 2 0 1 157 203 151
377 2 2 0 1 279 594 360
378 2 2 0 1 300 619 464
379 2 2 0 1 464 620 300
380 2 2 0 1 282 343 208
381 2 2 0 1 138 641 571
382 2 2 0 1 290 621 471
383 2 2 0 1 471 623 290
384 2 2 0 1 157 280 203
385 2 2 0 1 52 400 156
386 2 2 0 1 291 625 478
387 2 2 0 1 315 422 316
388 2 2 0 1 478 626 291
389 2 2 0 1 6 410 65
390 2 2 0 1 289 648 635
391 2 2 0 1 280 281 203
392 2 2 0 1 292 630 485
393 2 2 0 1 294 633 490
394 2 2 0 1 293 644 628
395 2 2 0 1 485 631 292
396 2 2 0 1 97 438 96
397 2 2 0 1 146 440 98
398 2 2 0 1 410 640 190
399 2 2 0 1 145 436 435
400 2 2 0 1 413 585 397
401 2 2 0 1 409 591 58
402 2 2 0 1 152 157 151
403 2 2 0 1 53 400 52
404 2 2 0 1 360 362 361
405 2 2 0 1 145 435 434
406 2 2 0 1 100 444 99
407 2 2 0 1 206 314 197
408 2 2 0 1 422 423 389
409 2 2 0 1 144 414 413
410 2 2 0 1 280 351 281
411 2 2 0 1 281 336 203
412 2 2 0 1 387 388 315
413 2 2 0 1 322 389 337
414 2 2 0 1 178 418 186
415 2 2 0 1 418 419 186
416 2 2 0 1 411 697 569
417 2 2 0 1 296 387 315
418 2 2 0 1 445 567 521
419 2 2 0 1 316 422 322
420 2 2 0 1 145 434 95
421 2 2 0 1 282 344 343
422 2 2 0 1 578 579 357
423 2 2 0 1 183 279 199
424 2 2 0 1 92 413 91
425 2 2 0 1 144 413 92
426 2 2 0 1 172 424 170
427 2 2 0 1 351 394 281
428 2 2 0 1 172 425 424
429 2 2 0 1 95 434 94
430 2 2 0 1 5 584 60
431 2 2 0 1 444 567 445
432 2 2 0 1 168 412 78
433 2 2 0 1 178 186 180
434 2 2 0 1 322 422 389
435 2 2 0 1 296 315 297
436 2 2 0 1 99 444 146
437 2 2 0 1 442 443 441
438 2 2 0 1 96 438 145
439 2 2 0 1 53 566 400
440 2 2 0 1 146 444 442
441 2 2 0 1 337 431 323
442 2 2 0 1 428 448 447
443 2 2 0 1 52 156 51
444 2 2 0 1 174 418 178
445 2 2 0 1 183 199 184
446 2 2 0 1 598 658 377
447 2 2 0 1 199 296 200
448 2 2 0 1 100 567 444
449 2 2 0 1 170 424 174
450 2 2 0 1 152 187 157
451 2 2 0 1 401 430 402
452 2 2 0 1 426 447 48
453 2 2 0 1 436 437 435
454 2 2 0 1 416 417 156
455 2 2 0 1 362 363 361
456 2 2 0 1 180 183 182
457 2 2 0 1 395 568 375
458 2 2 0 1 94 434 432
459 2 2 0 1 189 427 426
460 2 2 0 1 280 352 351
461 2 2 0 1 397 581 139
462 2 2 0 1 323 431 325
463 2 2 0 1 50 189 49
464 2 2 0 1 428 447 426
465 2 2 0 1 416 420 417
466 2 2 0 1 174 424 418
467 2 2 0 1 166 172 170
468 2 2 0 1 331 664 399
469 2 2 0 1 322 337 323
470 2 2 0 1 189 426 49
471 2 2 0 1 492 493 452
472 2 2 0 1 94 432 93
473 2 2 0 1 145 438 436
474 2 2 0 1 54 153 3
475 2 2 0 1 316 322 318
476 2 2 0 1 178 180 179
477 2 2 0 1 444 445 442
478 2 2 0 1 327 334 326
479 2 2 0 1 174 178 175
480 2 2 0 1 170 174 171
481 2 2 0 1 296 297 200
482 2 2 0 1 166 170 167
483 2 2 0 1 325 327 326
484 2 2 0 1 325 431 342
485 2 2 0 1 493 564 452
486 2 2 0 1 438 439 436
487 2 2 0 1 448 450 449
488 2 2 0 1 325 342 327
489 2 2 0 1 65 410 190
490 2 2 0 1 489 492 491
491 2 2 0 1 153 166 154
492 2 2 0 1 164 492 489
493 2 2 0 1 45 493 44
494 2 2 0 1 204 312 12
495 2 2 0 1 351 715 394
496 2 2 0 1 447 448 165
497 2 2 0 1 49 426 48
498 2 2 0 1 101 567 100
499 2 2 0 1 63 446 177
500 2 2 0 1 164 489 488
501 2 2 0 1 329 383 313
502 2 2 0 1 48 447 47
503 2 2 0 1 45 564 493
504 2 2 0 1 489 491 490
505 2 2 0 1 452 564 449
506 2 2 0 1 449 564 165
507 2 2 0 1 432 433 415
508 2 2 0 1 164 488 43
509 2 2 0 1 190 446 64
510 2 2 0 1 43 488 42
511 2 2 0 1 489 490 487
512 2 2 0 1 427 428 426
513 2 2 0 1 65 190 64
514 2 2 0 1 63 177 62
515 2 2 0 1 44 493 164
516 2 2 0 1 163 483 482
517 2 2 0 1 164 493 492
518 2 2 0 1 42 486 41
519 2 2 0 1 520 522 521
520 2 2 0 1 42 488 486
521 2 2 0 1 488 489 487
522 2 2 0 1 64 446 63
523 2 2 0 1 483 484 482
524 2 2 0 1 163 482 481
525 2 2 0 1 520 521 147
526 2 2 0 1 450 451 449
527 2 2 0 1 519 520 147
528 2 2 0 1 518 520 519
529 2 2 0 1 102 519 147
530 2 2 0 1 163 481 40
531 2 2 0 1 486 487 483
532 2 2 0 1 40 481 39
533 2 2 0 1 482 485 480
534 2 2 0 1 41 486 163
535 2 2 0 1 163 486 483
536 2 2 0 1 39 479 38
537 2 2 0 1 162 476 475
538 2 2 0 1 514 516 515
539 2 2 0 1 103 519 102
540 2 2 0 1 57 185 56
541 2 2 0 1 39 481 479
542 2 2 0 1 481 482 480
543 2 2 0 1 515 518 517
544 2 2 0 1 514 515 148
545 2 2 0 1 476 477 475
546 2 2 0 1 162 475 474
547 2 2 0 1 104 517 103
548 2 2 0 1 513 514 148
549 2 2 0 1 512 514 513
550 2 2 0 1 484 485 482
551 2 2 0 1 105 513 148
552 2 2 0 1 162 474 37
553 2 2 0 1 479 480 476
554 2 2 0 1 515 517 148
555 2 2 0 1 475 478 473
556 2 2 0 1 37 474 36
557 2 2 0 1 38 479 162
558 2 2 0 1 162 479 476
559 2 2 0 1 508 510 509
560 2 2 0 1 517 519 103
561 2 2 0 1 106 513 105
562 2 2 0 1 36 472 35
563 2 2 0 1 474 475 473
564 2 2 0 1 440 441 439
565 2 2 0 1 161 469 468
566 2 2 0 1 509 512 511
567 2 2 0 1 508 509 149
568 2 2 0 1 469 470 468
569 2 2 0 1 36 474 472
570 2 2 0 1 107 511 106
571 2 2 0 1 507 508 149
572 2 2 0 1 506 508 507
573 2 2 0 1 108 507 149
574 2 2 0 1 161 468 467
575 2 2 0 1 477 478 475
576 2 2 0 1 509 511 149
577 2 2 0 1 472 473 469
578 2 2 0 1 148 517 104
579 2 2 0 1 468 471 466
580 2 2 0 1 502 504 503
581 2 2 0 1 161 472 469
582 2 2 0 1 161 467 34
583 2 2 0 1 109 507 108
584 2 2 0 1 35 472 161
585 2 2 0 1 467 468 466
586 2 2 0 1 511 513 106
587 2 2 0 1 503 506 505
588 2 2 0 1 191 465 463
589 2 2 0 1 502 503 150
590 2 2 0 1 465 466 463
591 2 2 0 1 110 505 109
592 2 2 0 1 463 464 462
593 2 2 0 1 34 467 33
594 2 2 0 1 191 463 462
595 2 2 0 1 501 502 150
596 2 2 0 1 500 502 501
597 2 2 0 1 111 501 150
598 2 2 0 1 470 471 468
599 2 2 0 1 503 505 150
600 2 2 0 1 149 511 107
601 2 2 0 1 544 545 461
602 2 2 0 1 456 462 457
603 2 2 0 1 32 465 191
604 2 2 0 1 33 465 32
605 2 2 0 1 160 535 534
606 2 2 0 1 496 498 497
607 2 2 0 1 505 507 109
608 2 2 0 1 121 533 120
609 2 2 0 1 112 501 111
610 2 2 0 1 496 497 192
611 2 2 0 1 497 500 499
612 2 2 0 1 160 534 533
613 2 2 0 1 124 559 123
614 2 2 0 1 120 533 531
615 2 2 0 1 457 459 458
616 2 2 0 1 113 499 112
617 2 2 0 1 456 457 143
618 2 2 0 1 191 462 456
619 2 2 0 1 495 523 496
620 2 2 0 1 123 559 537
621 2 2 0 1 120 531 119
622 2 2 0 1 160 533 121
623 2 2 0 1 123 537 122
624 2 2 0 1 150 505 110
625 2 2 0 1 545 561 461
626 2 2 0 1 540 544 543
627 2 2 0 1 457 458 143
628 2 2 0 1 159 528 527
629 2 2 0 1 159 529 528
630 2 2 0 1 458 561 143
631 2 2 0 1 33 467 465
632 2 2 0 1 159 527 118
633 2 2 0 1 497 499 192
634 2 2 0 1 155 559 124
635 2 2 0 1 495 496 192
636 2 2 0 1 158 523 495
637 2 2 0 1 122 537 160
638 2 2 0 1 535 536 534
639 2 2 0 1 118 527 117
640 2 2 0 1 540 543 542
641 2 2 0 1 119 531 159
642 2 2 0 1 142 545 544
643 2 2 0 1 160 537 535
644 2 2 0 1 461 561 458
645 2 2 0 1 459 460 458
646 2 2 0 1 142 544 540
647 2 2 0 1 499 501 112
648 2 2 0 1 529 530 528
649 2 2 0 1 158 524 523
650 2 2 0 1 541 547 546
651 2 2 0 1 546 547 141
652 2 2 0 1 540 542 541
653 2 2 0 1 24 546 141
654 2 2 0 1 117 527 525
655 2 2 0 1 117 525 116
656 2 2 0 1 551 553 552
657 2 2 0 1 28 545 27
658 2 2 0 1 27 545 142
659 2 2 0 1 540 541 539
660 2 2 0 1 142 540 539
661 2 2 0 1 537 538 535
662 2 2 0 1 159 531 529
663 2 2 0 1 25 546 24
664 2 2 0 1 192 499 113
665 2 2 0 1 547 549 548
666 2 2 0 1 525 526 524
667 2 2 0 1 547 548 141
668 2 2 0 1 531 532 529
669 2 2 0 1 548 560 141
670 2 2 0 1 26 539 25
671 2 2 0 1 142 539 26
672 2 2 0 1 551 560 548
673 2 2 0 1 284 453 275
674 2 2 0 1 552 553 140
675 2 2 0 1 552 560 551
676 2 2 0 1 275 453 273
677 2 2 0 1 391 392 340
678 2 2 0 1 392 557 453
679 2 2 0 1 22 552 21
680 2 2 0 1 21 552 140
681 2 2 0 1 549 550 548
682 2 2 0 1 392 453 340
683 2 2 0 1 302 455 454
684 2 2 0 1 340 453 284
685 2 2 0 1 131 302 130
686 2 2 0 1 302 454 130
687 2 2 0 1 130 454 129
688 2 2 0 1 135 205 134
689 2 2 0 1 31 456 30
690 2 2 0 1 30 456 143
691 2 2 0 1 191 456 31
692 2 2 0 1 32 191 31
693 2 2 0 1 196 494 126
694 2 2 0 1 18 181 17
695 2 2 0 1 127 196 126
696 2 2 0 1 158 495 115
697 2 2 0 1 125 494 155
698 2 2 0 1 126 494 125
699 2 2 0 1 119 159 118
700 2 2 0 1 116 158 115
701 2 2 0 1 122 160 121
702 2 2 0 1 125 155 124
703 2 2 0 1 114 495 192
704 2 2 0 1 41 163 40
705 2 2 0 1 38 162 37
706 2 2 0 1 35 161 34
707 2 2 0 1 44 164 43
708 2 2 0 1 115 495 114
709 2 2 0 1 47 165 46
710 2 2 0 1 114 192 113
711 2 2 0 1 111 150 110
712 2 2 0 1 93 144 92
713 2 2 0 1 96 145 95
714 2 2 0 1 99 146 98
715 2 2 0 1 108 149 107
716 2 2 0 1 102 147 101
717 2 2 0 1 105 148 104
718 2 2 0 1 30 143 29
719 2 2 0 1 21 140 20
720 2 2 0 1 24 141 23
721 2 2 0 1 27 142 26
722 2 2 0 1 133 169 132
723 2 2 0 1 16 346 15
724 2 2 0 1 533 534 532
725 2 2 0 1 320 350 349
726 2 2 0 1 338 340 284
727 2 2 0 1 531 533 532
728 2 2 0 1 341 356 355
729 2 2 0 1 321 332 278
730 2 2 0 1 353 393 332
731 2 2 0 1 355 390 339
732 2 2 0 1 277 284 275
733 2 2 0 1 321 353 332
734 2 2 0 1 285 341 339
735 2 2 0 1 539 546 25
736 2 2 0 1 348 391 340
737 2 2 0 1 341 355 339
738 2 2 0 1 285 338 284
739 2 2 0 1 277 285 284
740 2 2 0 1 338 348 340
741 2 2 0 1 276 320 278
742 2 2 0 1 320 349 321
743 2 2 0 1 285 339 338
744 2 2 0 1 320 321 278
745 2 2 0 1 527 528 526
746 2 2 0 1 277 554 285
747 2 2 0 1 321 555 353
748 2 2 0 1 276 278 277
749 2 2 0 1 278 554 277
750 2 2 0 1 22 560 552
751 2 2 0 1 332 554 278
752 2 2 0 1 28 561 545
753 2 2 0 1 285 554 341
754 2 2 0 1 349 555 321
755 2 2 0 1 274 558 276
756 2 2 0 1 276 277 275
757 2 2 0 1 320 558 350
758 2 2 0 1 332 556 554
759 2 2 0 1 554 556 341
760 2 2 0 1 141 560 23
761 2 2 0 1 341 556 356
762 2 2 0 1 393 556 332
763 2 2 0 1 311 558 274
764 2 2 0 1 274 276 275
765 2 2 0 1 116 525 158
766 2 2 0 1 541 546 539
767 2 2 0 1 276 558 320
768 2 2 0 1 274 275 273
769 2 2 0 1 272 311 274
770 2 2 0 1 271 286 269
771 2 2 0 1 537 559 538
772 2 2 0 1 272 274 273
773 2 2 0 1 453 557 273
774 2 2 0 1 271 557 286
775 2 2 0 1 272 273 271
776 2 2 0 1 550 551 548
777 2 2 0 1 273 557 271
778 2 2 0 1 525 527 526
779 2 2 0 1 270 272 271
780 2 2 0 1 23 560 22
781 2 2 0 1 270 271 269
782 2 2 0 1 500 501 499
783 2 2 0 1 268 270 269
784 2 2 0 1 268 269 267
785 2 2 0 1 266 310 268
786 2 2 0 1 265 287 263
787 2 2 0 1 266 268 267
788 2 2 0 1 143 561 29
789 2 2 0 1 266 267 265
790 2 2 0 1 158 525 524
791 2 2 0 1 506 507 505
792 2 2 0 1 264 266 265
793 2 2 0 1 264 265 263
794 2 2 0 1 319 562 258
795 2 2 0 1 258 562 260
796 2 2 0 1 262 264 263
797 2 2 0 1 262 263 261
798 2 2 0 1 260 309 262
799 2 2 0 1 259 288 257
800 2 2 0 1 460 461 458
801 2 2 0 1 260 262 261
802 2 2 0 1 29 561 28
803 2 2 0 1 260 261 259
804 2 2 0 1 256 319 258
805 2 2 0 1 465 467 466
806 2 2 0 1 258 260 259
807 2 2 0 1 512 513 511
808 2 2 0 1 260 562 309
809 2 2 0 1 258 259 257
810 2 2 0 1 256 258 257
811 2 2 0 1 256 257 255
812 2 2 0 1 254 256 255
813 2 2 0 1 254 255 253
814 2 2 0 1 253 300 251
815 2 2 0 1 252 254 253
816 2 2 0 1 518 519 517
817 2 2 0 1 250 308 252
818 2 2 0 1 252 253 251
819 2 2 0 1 249 290 247
820 2 2 0 1 472 474 473
821 2 2 0 1 250 252 251
822 2 2 0 1 250 251 249
823 2 2 0 1 248 250 249
824 2 2 0 1 248 249 247
825 2 2 0 1 246 248 247
826 2 2 0 1 246 247 245
827 2 2 0 1 244 307 246
828 2 2 0 1 243 291 241
829 2 2 0 1 244 246 245
830 2 2 0 1 479 481 480
831 2 2 0 1 244 245 243
832 2 2 0 1 242 244 243
833 2 2 0 1 438 440 439
834 2 2 0 1 242 243 241
835 2 2 0 1 240 242 241
836 2 2 0 1 240 241 239
837 2 2 0 1 238 306 240
838 2 2 0 1 237 292 235
839 2 2 0 1 238 240 239
840 2 2 0 1 486 488 487
841 2 2 0 1 238 239 237
842 2 2 0 1 236 238 237
843 2 2 0 1 236 237 235
844 2 2 0 1 234 236 235
845 2 2 0 1 234 235 233
846 2 2 0 1 232 305 234
847 2 2 0 1 231 294 229
848 2 2 0 1 232 234 233
849 2 2 0 1 165 564 46
850 2 2 0 1 448 449 165
851 2 2 0 1 232 233 231
852 2 2 0 1 434 435 433
853 2 2 0 1 230 232 231
854 2 2 0 1 47 447 165
855 2 2 0 1 230 231 229
856 2 2 0 1 183 184 182
857 2 2 0 1 364 365 363
858 2 2 0 1 228 230 229
859 2 2 0 1 228 229 227
860 2 2 0 1 226 304 228
861 2 2 0 1 88 173 87
862 2 2 0 1 199 200 184
863 2 2 0 1 325 326 324
864 2 2 0 1 225 293 223
865 2 2 0 1 147 567 101
866 2 2 0 1 226 228 227
867 2 2 0 1 46 564 45
868 2 2 0 1 373 384 377
869 2 2 0 1 226 227 225
870 2 2 0 1 451 452 449
871 2 2 0 1 93 432 144
872 2 2 0 1 81 195 80
873 2 2 0 1 224 226 225
874 2 2 0 1 384 385 377
875 2 2 0 1 521 567 147
876 2 2 0 1 432 434 433
877 2 2 0 1 315 316 297
878 2 2 0 1 224 225 223
879 2 2 0 1 144 415 414
880 2 2 0 1 204 313 312
881 2 2 0 1 425 577 424
882 2 2 0 1 222 224 223
883 2 2 0 1 418 577 419
884 2 2 0 1 373 377 374
885 2 2 0 1 222 223 221
886 2 2 0 1 220 301 222
887 2 2 0 1 573 663 331
888 2 2 0 1 219 289 217
889 2 2 0 1 220 222 221
890 2 2 0 1 153 154 3
891 2 2 0 1 362 364 363
892 2 2 0 1 386 396 395
893 2 2 0 1 373 374 372
894 2 2 0 1 322 323 318
895 2 2 0 1 80 565 79
896 2 2 0 1 368 371 370
897 2 2 0 1 371 373 372
898 2 2 0 1 220 221 219
899 2 2 0 1 334 382 326
900 2 2 0 1 11 138 68
901 2 2 0 1 75 137 12
902 2 2 0 1 323 325 324
903 2 2 0 1 371 372 370
904 2 2 0 1 195 565 80
905 2 2 0 1 180 182 179
906 2 2 0 1 354 569 334
907 2 2 0 1 565 643 642
908 2 2 0 1 137 204 12
909 2 2 0 1 218 220 219
910 2 2 0 1 368 370 369
911 2 2 0 1 79 168 78
912 2 2 0 1 9 573 84
913 2 2 0 1 370 378 369
914 2 2 0 1 170 171 167
915 2 2 0 1 166 167 154
916 2 2 0 1 174 175 171
917 2 2 0 1 178 179 175
918 2 2 0 1 386 395 375
919 2 2 0 1 139 152 151
920 2 2 0 1 368 369 366
921 2 2 0 1 218 219 217
922 2 2 0 1 374 375 372
923 2 2 0 1 372 568 370
924 2 2 0 1 207 208 206
925 2 2 0 1 209 282 208
926 2 2 0 1 367 368 366
927 2 2 0 1 144 432 415
928 2 2 0 1 10 398 89
929 2 2 0 1 420 421 417
930 2 2 0 1 216 218 217
931 2 2 0 1 370 568 378
932 2 2 0 1 79 565 168
933 2 2 0 1 366 572 365
934 2 2 0 1 342 574 327
935 2 2 0 1 364 367 366
936 2 2 0 1 335 380 379
937 2 2 0 1 70 578 69
938 2 2 0 1 364 366 365
939 2 2 0 1 216 217 215
940 2 2 0 1 68 571 67
941 2 2 0 1 214 299 216
942 2 2 0 1 87 563 86
943 2 2 0 1 334 569 382
944 2 2 0 1 188 197 187
945 2 2 0 1 173 563 87
946 2 2 0 1 323 324 318
947 2 2 0 1 210 330 212
948 2 2 0 1 214 216 215
949 2 2 0 1 358 359 329
950 2 2 0 1 328 329 313
951 2 2 0 1 642 643 342
952 2 2 0 1 316 318 317
953 2 2 0 1 375 568 372
954 2 2 0 1 204 328 313
955 2 2 0 1 213 298 211
956 2 2 0 1 137 654 423
957 2 2 0 1 214 215 213
958 2 2 0 1 198 206 197
959 2 2 0 1 656 717 591
960 2 2 0 1 369 572 366
961 2 2 0 1 138 571 68
962 2 2 0 1 316 317 297
963 2 2 0 1 427 719 421
964 2 2 0 1 210 582 330
965 2 2 0 1 67 193 66
966 2 2 0 1 641 653 571
967 2 2 0 1 328 358 329
968 2 2 0 1 184 283 182
969 2 2 0 1 131 580 302
970 2 2 0 1 169 580 132
971 2 2 0 1 330 570 212
972 2 2 0 1 77 194 76
973 2 2 0 1 212 214 213
974 2 2 0 1 335 354 334
975 2 2 0 1 345 347 344
976 2 2 0 1 214 570 299
977 2 2 0 1 86 201 85
978 2 2 0 1 175 176 171
979 2 2 0 1 212 213 211
980 2 2 0 1 212 570 214
981 2 2 0 1 327 335 334
982 2 2 0 1 202 675 566
983 2 2 0 1 152 188 187
984 2 2 0 1 394 659 324
985 2 2 0 1 282 345 344
986 2 2 0 1 67 571 193
987 2 2 0 1 335 574 380
988 2 2 0 1 172 683 425
989 2 2 0 1 374 376 375
990 2 2 0 1 210 212 211
991 2 2 0 1 335 379 354
992 2 2 0 1 207 209 208
993 2 2 0 1 424 577 418
994 2 2 0 1 385 598 377
995 2 2 0 1 209 576 282
996 2 2 0 1 86 563 201
997 2 2 0 1 298 576 211
998 2 2 0 1 394 715 659
999 2 2 0 1 169 700 393
1000 2 2 0 1 183 594 279
1001 2 2 0 1 210 211 209
1002 2 2 0 1 637 675 202
1003 2 2 0 1 198 207 206
1004 2 2 0 1 327 574 335
1005 2 2 0 1 186 594 180
1006 2 2 0 1 571 653 193
1007 2 2 0 1 132 580 131
1008 2 2 0 1 188 198 197
1009 2 2 0 1 207 210 209
1010 2 2 0 1 282 576 345
1011 2 2 0 1 12 718 74
1012 2 2 0 1 419 657 186
1013 2 2 0 1 128 586 127
1014 2 2 0 1 136 587 135
1015 2 2 0 1 179 583 175
1016 2 2 0 1 205 589 134
1017 2 2 0 1 133 589 169
1018 2 2 0 1 211 576 209
1019 2 2 0 1 345 416 347
1020 2 2 0 1 188 303 198
1021 2 2 0 1 344 637 381
1022 2 2 0 1 167 202 154
1023 2 2 0 1 139 581 152
1024 2 2 0 1 448 605 450
1025 2 2 0 1 82 588 81
1026 2 2 0 1 69 578 357
1027 2 2 0 1 515 596 518
1028 2 2 0 1 56 598 55
1029 2 2 0 1 509 597 512
1030 2 2 0 1 503 599 506
1031 2 2 0 1 497 600 500
1032 2 2 0 1 528 602 526
1033 2 2 0 1 534 603 532
1034 2 2 0 1 58 591 57
1035 2 2 0 1 376 386 375
1036 2 2 0 1 389 639 337
1037 2 2 0 1 157 593 280
1038 2 2 0 1 222 601 224
1039 2 2 0 1 185 658 598
1040 2 2 0 1 605 648 289
1041 2 2 0 1 215 592 213
1042 2 2 0 1 521 595 445
1043 2 2 0 1 492 628 491
1044 2 2 0 1 181 606 17
1045 2 2 0 1 16 606 346
1046 2 2 0 1 390 607 339
1047 2 2 0 1 338 607 348
1048 2 2 0 1 18 608 181
1049 2 2 0 1 140 609 20
1050 2 2 0 1 392 610 557
1051 2 2 0 1 451 628 452
1052 2 2 0 1 286 611 269
1053 2 2 0 1 265 612 287
1054 2 2 0 1 547 613 549
1055 2 2 0 1 542 613 541
1056 2 2 0 1 287 614 263
1057 2 2 0 1 259 615 288
1058 2 2 0 1 544 616 543
1059 2 2 0 1 460 616 461
1060 2 2 0 1 288 617 257
1061 2 2 0 1 253 618 300
1062 2 2 0 1 464 619 462
1063 2 2 0 1 457 619 459
1064 2 2 0 1 300 620 251
1065 2 2 0 1 249 620 290
1066 2 2 0 1 471 621 466
1067 2 2 0 1 463 621 464
1068 2 2 0 1 290 623 247
1069 2 2 0 1 243 624 291
1070 2 2 0 1 478 625 473
1071 2 2 0 1 175 583 176
1072 2 2 0 1 469 625 470
1073 2 2 0 1 168 638 412
1074 2 2 0 1 291 626 241
1075 2 2 0 1 485 630 480
1076 2 2 0 1 237 627 292
1077 2 2 0 1 476 630 477
1078 2 2 0 1 490 633 487
1079 2 2 0 1 483 633 484
1080 2 2 0 1 292 631 235
1081 2 2 0 1 231 632 294
1082 2 2 0 1 293 629 223
1083 2 2 0 1 217 635 215
1084 2 2 0 1 219 622 289
1085 2 2 0 1 216 604 218
1086 2 2 0 1 152 581 188
1087 2 2 0 1 207 582 210
1088 2 2 0 1 200 711 407
1089 2 2 0 1 189 719 427
1090 2 2 0 1 176 590 171
1091 2 2 0 1 414 585 413
1092 2 2 0 1 198 582 207
1093 2 2 0 1 279 650 199
1094 2 2 0 1 85 573 9
1095 2 2 0 1 296 650 387
1096 2 2 0 1 303 582 198
1097 2 2 0 1 168 642 638
1098 2 2 0 1 429 648 427
1099 2 2 0 1 81 588 195
1100 2 2 0 1 414 662 655
1101 2 2 0 1 205 724 589
1102 2 2 0 1 188 581 303
1103 2 2 0 1 57 591 185
1104 2 2 0 1 409 656 591
1105 2 2 0 1 378 640 369
1106 2 2 0 1 386 656 295
1107 2 2 0 1 156 652 51
1108 2 2 0 1 127 586 196
1109 2 2 0 1 135 587 205
1110 2 2 0 1 417 652 156
1111 2 2 0 1 443 684 441
1112 2 2 0 1 171 590 167
1113 2 2 0 1 387 660 388
1114 2 2 0 1 134 589 133
1115 2 2 0 1 166 646 172
1116 2 2 0 1 227 644 225
1117 2 2 0 1 50 652 189
1118 2 2 0 1 177 645 395
1119 2 2 0 1 333 713 706
1120 2 2 0 1 167 590 202
1121 2 2 0 1 408 715 351
1122 2 2 0 1 427 648 428
1123 2 2 0 1 201 573 85
1124 2 2 0 1 408 711 317
1125 2 2 0 1 346 636 587
1126 2 2 0 1 72 333 71
1127 2 2 0 1 180 594 183
1128 2 2 0 1 201 712 663
1129 2 2 0 1 61 584 5
1130 2 2 0 1 302 665 455
1131 2 2 0 1 281 671 336
1132 2 2 0 1 421 672 429
1133 2 2 0 1 407 711 408
1134 2 2 0 1 437 667 435
1135 2 2 0 1 280 593 352
1136 2 2 0 1 213 592 298
1137 2 2 0 1 522 595 521
1138 2 2 0 1 516 596 515
1139 2 2 0 1 510 597 509
1140 2 2 0 1 185 598 56
1141 2 2 0 1 504 599 503
1142 2 2 0 1 498 600 497
1143 2 2 0 1 565 642 168
1144 2 2 0 1 75 654 137
1145 2 2 0 1 530 602 528
1146 2 2 0 1 301 601 222
1147 2 2 0 1 536 603 534
1148 2 2 0 1 589 724 356
1149 2 2 0 1 568 645 378
1150 2 2 0 1 311 705 703
1151 2 2 0 1 137 660 204
1152 2 2 0 1 428 605 448
1153 2 2 0 1 324 659 318
1154 2 2 0 1 2 669 128
1155 2 2 0 1 129 669 2
1156 2 2 0 1 15 670 1
1157 2 2 0 1 1 670 136
1158 2 2 0 1 55 722 54
1159 2 2 0 1 194 654 76
1160 2 2 0 1 306 677 240
1161 2 2 0 1 307 679 246
1162 2 2 0 1 305 676 234
1163 2 2 0 1 308 680 252
1164 2 2 0 1 309 682 262
1165 2 2 0 1 310 685 268
1166 2 2 0 1 236 688 238
1167 2 2 0 1 230 686 232
1168 2 2 0 1 242 689 244
1169 2 2 0 1 248 691 250
1170 2 2 0 1 304 674 228
1171 2 2 0 1 254 693 256
1172 2 2 0 1 264 696 266
1173 2 2 0 1 393 700 556
1174 2 2 0 1 270 701 272
1175 2 2 0 1 311 703 558
1176 2 2 0 1 535 705 536
1177 2 2 0 1 559 707 538
1178 2 2 0 1 371 683 373
1179 2 2 0 1 218 673 220
1180 2 2 0 1 224 710 226
1181 2 2 0 1 518 687 520
1182 2 2 0 1 414 655 585
1183 2 2 0 1 342 643 574
1184 2 2 0 1 512 690 514
1185 2 2 0 1 506 692 508
1186 2 2 0 1 536 705 701
1187 2 2 0 1 538 707 703
1188 2 2 0 1 374 658 376
1189 2 2 0 1 500 695 502
1190 2 2 0 1 17 606 16
1191 2 2 0 1 339 607 338
1192 2 2 0 1 19 608 18
1193 2 2 0 1 524 699 523
1194 2 2 0 1 523 698 496
1195 2 2 0 1 299 604 216
1196 2 2 0 1 19 609 608
1197 2 2 0 1 524 702 699
1198 2 2 0 1 20 609 19
1199 2 2 0 1 526 702 524
1200 2 2 0 1 523 699 698
1201 2 2 0 1 177 678 62
1202 2 2 0 1 557 610 286
1203 2 2 0 1 269 611 267
1204 2 2 0 1 611 612 267
1205 2 2 0 1 267 612 265
1206 2 2 0 1 532 704 529
1207 2 2 0 1 541 613 547
1208 2 2 0 1 263 614 261
1209 2 2 0 1 494 708 155
1210 2 2 0 1 614 615 261
1211 2 2 0 1 494 709 708
1212 2 2 0 1 261 615 259
1213 2 2 0 1 196 709 494
1214 2 2 0 1 601 684 443
1215 2 2 0 1 461 616 544
1216 2 2 0 1 257 617 255
1217 2 2 0 1 617 618 255
1218 2 2 0 1 452 628 492
1219 2 2 0 1 255 618 253
1220 2 2 0 1 462 619 457
1221 2 2 0 1 251 620 249
1222 2 2 0 1 466 621 463
1223 2 2 0 1 247 623 245
1224 2 2 0 1 623 624 245
1225 2 2 0 1 221 622 219
1226 2 2 0 1 245 624 243
1227 2 2 0 1 473 625 469
1228 2 2 0 1 241 626 239
1229 2 2 0 1 221 629 622
1230 2 2 0 1 626 627 239
1231 2 2 0 1 445 694 442
1232 2 2 0 1 239 627 237
1233 2 2 0 1 480 630 476
1234 2 2 0 1 223 629 221
1235 2 2 0 1 415 662 414
1236 2 2 0 1 235 631 233
1237 2 2 0 1 631 632 233
1238 2 2 0 1 491 634 490
1239 2 2 0 1 233 632 231
1240 2 2 0 1 331 723 664
1241 2 2 0 1 487 633 483
1242 2 2 0 1 289 635 217
1243 2 2 0 1 317 711 297
1244 2 2 0 1 354 712 563
1245 2 2 0 1 384 646 385
1246 2 2 0 1 433 666 415
1247 2 2 0 1 355 636 390
1248 2 2 0 1 13 714 70
1249 2 2 0 1 73 713 14
1250 2 2 0 1 313 661 312
1251 2 2 0 1 363 641 361
1252 2 2 0 1 412 668 7
1253 2 2 0 1 439 681 436
1254 2 2 0 1 324 725 394
1255 2 2 0 1 634 644 227
1256 2 2 0 1 663 712 379
1257 2 2 0 1 337 638 431
1258 2 2 0 1 586 721 196
1259 2 2 0 1 347 637 344
1260 2 2 0 1 604 667 437
1261 2 2 0 1 653 720 193
1262 2 2 0 1 361 641 575
1263 2 2 0 1 429 672 592
1264 2 2 0 1 638 642 431
1265 2 2 0 1 596 676 305
1266 2 2 0 1 597 677 306
1267 2 2 0 1 579 718 312
1268 2 2 0 1 599 679 307
1269 2 2 0 1 595 674 304
1270 2 2 0 1 600 680 308
1271 2 2 0 1 602 682 309
1272 2 2 0 1 603 685 310
1273 2 2 0 1 415 666 662
1274 2 2 0 1 588 647 195
1275 2 2 0 1 70 714 578
1276 2 2 0 1 367 651 368
1277 2 2 0 1 368 651 371
1278 2 2 0 1 369 640 572
1279 2 2 0 1 522 674 595
1280 2 2 0 1 516 676 596
1281 2 2 0 1 510 677 597
1282 2 2 0 1 7 668 77
1283 2 2 0 1 504 679 599
1284 2 2 0 1 376 717 656
1285 2 2 0 1 498 680 600
1286 2 2 0 1 575 641 138
1287 2 2 0 1 431 642 342
1288 2 2 0 1 446 645 177
1289 2 2 0 1 530 682 602
1290 2 2 0 1 635 648 429
1291 2 2 0 1 577 651 367
1292 2 2 0 1 536 685 603
1293 2 2 0 1 196 721 709
1294 2 2 0 1 14 713 72
1295 2 2 0 1 71 714 13
1296 2 2 0 1 225 644 293
1297 2 2 0 1 195 643 565
1298 2 2 0 1 395 645 568
1299 2 2 0 1 585 655 303
1300 2 2 0 1 572 720 365
1301 2 2 0 1 646 722 385
1302 2 2 0 1 295 656 409
1303 2 2 0 1 303 655 582
1304 2 2 0 1 153 646 166
1305 2 2 0 1 566 675 400
1306 2 2 0 1 61 678 584
1307 2 2 0 1 193 716 66
1308 2 2 0 1 299 667 604
1309 2 2 0 1 301 684 601
1310 2 2 0 1 74 718 579
1311 2 2 0 1 376 656 386
1312 2 2 0 1 355 724 636
1313 2 2 0 1 655 662 330
1314 2 2 0 1 425 651 577
1315 2 2 0 1 199 650 296
1316 2 2 0 1 578 714 333
1317 2 2 0 1 186 657 594
1318 2 2 0 1 584 678 396
1319 2 2 0 1 589 700 169
1320 2 2 0 1 491 644 634
1321 2 2 0 1 582 655 330
1322 2 2 0 1 353 665 393
1323 2 2 0 1 51 652 50
1324 2 2 0 1 365 653 363
1325 2 2 0 1 400 675 347
1326 2 2 0 1 574 647 380
1327 2 2 0 1 76 654 75
1328 2 2 0 1 638 639 412
1329 2 2 0 1 363 653 641
1330 2 2 0 1 317 715 408
1331 2 2 0 1 652 719 189
1332 2 2 0 1 201 663 573
1333 2 2 0 1 382 725 326
1334 2 2 0 1 393 665 580
1335 2 2 0 1 337 639 638
1336 2 2 0 1 360 657 362
1337 2 2 0 1 377 658 374
1338 2 2 0 1 153 722 646
1339 2 2 0 1 579 706 74
1340 2 2 0 1 318 659 317
1341 2 2 0 1 204 660 328
1342 2 2 0 1 588 664 647
1343 2 2 0 1 555 721 455
1344 2 2 0 1 383 661 313
1345 2 2 0 1 356 700 589
1346 2 2 0 1 298 672 420
1347 2 2 0 1 128 669 586
1348 2 2 0 1 136 670 587
1349 2 2 0 1 6 716 410
1350 2 2 0 1 77 668 194
1351 2 2 0 1 330 662 570
1352 2 2 0 1 580 665 302
1353 2 2 0 1 428 648 605
1354 2 2 0 1 326 725 324
1355 2 2 0 1 435 667 433
1356 2 2 0 1 420 672 421
1357 2 2 0 1 594 657 360
1358 2 2 0 1 336 697 411
1359 2 2 0 1 394 671 281
1360 2 2 0 1 454 669 129
1361 2 2 0 1 346 670 15
1362 2 2 0 1 436 681 437
1363 2 2 0 1 74 706 73
1364 2 2 0 1 570 666 299
1365 2 2 0 1 66 716 6
1366 2 2 0 1 569 697 382
1367 2 2 0 1 195 647 643
1368 2 2 0 1 662 666 570
1369 2 2 0 1 703 705 538
1370 2 2 0 1 380 723 379
1371 2 2 0 1 220 673 301
1372 2 2 0 1 228 674 230
1373 2 2 0 1 649 720 572
1374 2 2 0 1 234 676 236
1375 2 2 0 1 240 677 242
1376 2 2 0 1 246 679 248
1377 2 2 0 1 252 680 254
1378 2 2 0 1 373 683 384
1379 2 2 0 1 441 684 439
1380 2 2 0 1 442 694 443
1381 2 2 0 1 262 682 264
1382 2 2 0 1 268 685 270
1383 2 2 0 1 379 712 354
1384 2 2 0 1 520 687 522
1385 2 2 0 1 62 678 61
1386 2 2 0 1 232 686 305
1387 2 2 0 1 514 690 516
1388 2 2 0 1 508 692 510
1389 2 2 0 1 502 695 504
1390 2 2 0 1 238 688 306
1391 2 2 0 1 496 698 498
1392 2 2 0 1 529 704 530
1393 2 2 0 1 244 689 307
1394 2 2 0 1 250 691 308
1395 2 2 0 1 256 693 319
1396 2 2 0 1 643 647 574
1397 2 2 0 1 266 696 310
1398 2 2 0 1 319 699 562
1399 2 2 0 1 699 702 562
1400 2 2 0 1 556 700 356
1401 2 2 0 1 272 701 311
1402 2 2 0 1 562 702 309
1403 2 2 0 1 194 668 639
1404 2 2 0 1 698 699 319
1405 2 2 0 1 558 703 350
1406 2 2 0 1 658 717 376
1407 2 2 0 1 538 705 535
1408 2 2 0 1 155 707 559
1409 2 2 0 1 350 708 349
1410 2 2 0 1 708 709 349
1411 2 2 0 1 349 709 555
1412 2 2 0 1 649 716 193
1413 2 2 0 1 226 710 304
1414 2 2 0 1 54 722 153
1415 2 2 0 1 701 705 311
1416 2 2 0 1 703 707 350
1417 2 2 0 1 297 711 200
1418 2 2 0 1 356 724 355
1419 2 2 0 1 421 719 417
1420 2 2 0 1 586 669 454
1421 2 2 0 1 587 670 346
1422 2 2 0 1 563 712 201
1423 2 2 0 1 399 664 588
1424 2 2 0 1 312 718 12
1425 2 2 0 1 647 664 380
1426 2 2 0 1 592 672 298
1427 2 2 0 1 591 717 185
1428 2 2 0 1 709 721 555
1429 2 2 0 1 639 668 412
1430 2 2 0 1 72 713 333
1431 2 2 0 1 333 714 71
1432 2 2 0 1 671 725 382
1433 2 2 0 1 417 719 652
1434 2 2 0 1 347 675 637
1435 2 2 0 1 664 723 380
1436 2 2 0 1 706 713 73
1437 2 2 0 1 379 723 663
1438 2 2 0 1 365 720 653
1439 2 2 0 1 410 716 649
1440 2 2 0 1 193 720 649
1441 2 2 0 1 659 715 317
1442 2 2 0 1 437 681 673
1443 2 2 0 1 185 717 658
1444 2 2 0 1 673 681 301
1445 2 2 0 1 522 687 686
1446 2 2 0 1 686 687 305
1447 2 2 0 1 516 690 688
1448 2 2 0 1 510 692 689
1449 2 2 0 1 504 695 691
1450 2 2 0 1 688 690 306
1451 2 2 0 1 498 698 693
1452 2 2 0 1 689 692 307
1453 2 2 0 1 530 704 696
1454 2 2 0 1 691 695 308
1455 2 2 0 1 693 698 319
1456 2 2 0 1 694 710 443
1457 2 2 0 1 304 710 694
1458 2 2 0 1 707 708 350
1459 2 2 0 1 155 708 707
1460 2 2 0 1 696 704 310
1461 2 2 0 1 663 723 331
1462 2 2 0 1 394 725 671
$EndElements
