$MeshFormat
2.2 0 8
$EndMeshFormat
$Nodes
683
1 4.5 0 0
2 13.5 0 0
3 4.5 40 0
4 0 42.25 0
5 0 45.25 0
6 4.5 47.5 0
7 13.5 47.5 0
8 18 45.25 0
9 18 42.25 0
10 13.5 40 0
11 4.5 0.999999999999276 0
12 4.5 1.999999999998205 0
13 4.5 2.999999999997454 0
14 4.5 3.999999999996757 0
15 4.5 4.999999999995886 0
16 4.5 5.999999999993141 0
17 4.5 6.999999999990224 0
18 4.5 7.999999999987307 0
19 4.5 8.999999999984389 0
20 4.5 9.999999999981473 0
21 4.5 10.99999999997856 0
22 4.5 11.99999999997564 0
23 4.5 12.99999999997272 0
24 4.5 13.9999999999698 0
25 4.5 14.99999999996689 0
26 4.5 15.99999999996411 0
27 4.5 16.99999999996507 0
28 4.5 17.9999999999666 0
29 4.5 18.99999999996812 0
30 4.5 19.99999999996964 0
31 4.5 20.99999999997116 0
32 4.5 21.99999999997269 0
33 4.5 22.99999999997421 0
34 4.5 23.99999999997573 0
35 4.5 24.99999999997726 0
36 4.5 25.99999999997878 0
37 4.5 26.9999999999803 0
38 4.5 27.99999999998182 0
39 4.5 28.99999999998334 0
40 4.5 29.99999999998487 0
41 4.5 30.99999999998639 0
42 4.5 31.99999999998791 0
43 4.5 32.99999999998942 0
44 4.5 33.99999999999093 0
45 4.5 34.99999999999245 0
46 4.5 35.99999999999396 0
47 4.5 36.99999999999547 0
48 4.5 37.99999999999698 0
49 4.5 38.99999999999849 0
50 3.75000000000229 40.37499999999886 0
51 3.000000000004579 40.74999999999771 0
52 2.2500000000068 41.1249999999966 0
53 1.500000000003236 41.49999999999838 0
54 0.7499999999996052 41.8750000000002 0
55 0 43.25 0
56 0 44.25 0
57 0.7499999999984408 45.62499999999922 0
58 1.499999999996005 45.999999999998 0
59 2.249999999993638 46.37499999999682 0
60 2.999999999997056 46.74999999999853 0
61 3.750000000000541 47.12500000000027 0
62 5.5 47.5 0
63 6.5 47.5 0
64 7.5 47.5 0
65 8.5 47.5 0
66 9.5 47.5 0
67 10.5 47.5 0
68 11.5 47.5 0
69 12.5 47.5 0
70 14.25 47.125 0
71 15 46.75 0
72 15.75 46.375 0
73 16.5 46 0
74 17.25 45.625 0
75 18 44.25 0
76 18 43.25 0
77 17.25 41.875 0
78 16.5 41.5 0
79 15.75 41.125 0
80 15 40.75 0
81 14.25 40.375 0
82 13.5 39 0
83 13.5 37.99999999999999 0
84 13.5 36.99999999999999 0
85 13.5 35.99999999999999 0
86 13.5 34.99999999999999 0
87 13.5 33.99999999999999 0
88 13.5 32.99999999999999 0
89 13.5 31.99999999999998 0
90 13.5 30.99999999999998 0
91 13.5 29.99999999999998 0
92 13.5 28.99999999999998 0
93 13.5 27.99999999999998 0
94 13.5 26.99999999999997 0
95 13.5 25.99999999999997 0
96 13.5 24.99999999999997 0
97 13.5 23.99999999999996 0
98 13.5 22.99999999999996 0
99 13.5 21.99999999999996 0
100 13.5 20.99999999999996 0
101 13.5 19.99999999999996 0
102 13.5 18.99999999999996 0
103 13.5 17.99999999999995 0
104 13.5 16.99999999999995 0
105 13.5 15.99999999999995 0
106 13.5 14.99999999999995 0
107 13.5 13.99999999999995 0
108 13.5 12.99999999999994 0
109 13.5 11.99999999999994 0
110 13.5 10.99999999999994 0
111 13.5 9.999999999999936 0
112 13.5 8.999999999999936 0
113 13.5 7.999999999999929 0
114 13.5 6.999999999999936 0
115 13.5 5.99999999999995 0
116 13.5 4.999999999999957 0
117 13.5 3.999999999999964 0
118 13.5 2.999999999999972 0
119 13.5 1.999999999999986 0
120 13.5 0.9999999999999858 0
121 12.5000000000027 0 0
122 11.50000000000539 0 0
123 10.50000000000809 0 0
124 9.50000000001079 0 0
125 8.500000000013488 0 0
126 7.500000000011445 0 0
127 6.500000000004277 0 0
128 5.49999999999738 0 0
129 9.022274363742335 46.56727582874501 0
130 12.7066388623192 39.47794536011703 0
131 5.366025404350667 6.499999997926471 0
132 5.366025414175796 9.499999983105527 0
133 5.366025597000341 12.49999967816663 0
134 5.366025460887905 15.50000022841174 0
135 12.63590963173321 36.47633813886943 0
136 12.63377428882789 33.49940102733079 0
137 12.6339200629784 30.49983708600019 0
138 12.63395978588322 27.49995556301647 0
139 12.63397057643896 24.49998802532405 0
140 12.63397350486909 21.49999670557848 0
141 12.63397430086037 18.49999912538203 0
142 5.298138559173583 39.49559482348333 0
143 5.287542064604946 40.40132783657001 0
144 12.71386443498119 40.39826691492736 0
145 12.69640449674668 4.450290091292461 0
146 12.63397459621556 13.49999999999995 0
147 12.63397454068912 10.49999996454074 0
148 12.63397459926985 7.500000003526672 0
149 5.366027076753356 20.49999779226815 0
150 5.366034530613534 23.49999042754512 0
151 5.366062105934564 26.49996450068036 0
152 5.366161713060746 29.499869049572 0
153 5.366528266159266 32.4995160126722 0
154 5.3762652634635 35.49088897700562 0
155 11.94001228903812 39.96975067192021 0
156 14.3097380012927 46.34864225915283 0
157 3.699759526418565 46.28798094715982 0
158 11.9244923489499 40.84990900292745 0
159 9.003074485395899 0.8018137138445512 0
160 11.15627898360775 40.4297850796335 0
161 11.14185686267999 41.30714182391188 0
162 2.988694188559188 41.65369635247931 0
163 15.0315271099679 41.59349713859629 0
164 10.3684982013156 40.88464259003 0
165 10.34641077062798 39.93840588610268 0
166 10.35664434622843 41.76980652812618 0
167 11.15617542066734 42.21439238064004 0
168 5.366025403783737 3.499999999997106 0
169 9.578654484412642 41.34298889034525 0
170 9.567141192815891 42.23187974165294 0
171 12.04343440993879 46.64531353269611 0
172 5.926539895619067 46.69467913144786 0
173 5.366025366321506 17.49999993507735 0
174 12.63397452860467 15.49999983490871 0
175 5.364182746554889 37.53578200033422 0
176 2.249282844946166 45.59270633504275 0
177 15.78092789454128 45.49239151758613 0
178 6.082970379048668 39.94135180232261 0
179 6.081424766347471 40.84183807346475 0
180 12.71857845571047 2.360723660186145 0
181 16.55024047358084 42.33701905283833 0
182 1.449759526421307 42.33701905283897 0
183 5.293295270857666 41.28859186253787 0
184 6.079021634119816 41.73374045601276 0
185 5.308027762206409 42.18354622355227 0
186 6.08022366721884 42.62173436185053 0
187 5.310631698295477 43.07527469466311 0
188 6.085748092191624 43.51773670236241 0
189 12.71866865957265 41.29134966445709 0
190 7.007964192476949 0.8108578544334355 0
191 11.86474240469274 39.1658354293611 0
192 5.310207828047109 43.96127138622457 0
193 4.546063690600262 43.52126304814634 0
194 6.869349795449364 40.39009877207999 0
195 6.867976735889453 39.47955887322853 0
196 6.868773479249185 43.06869652252235 0
197 6.870965733313014 43.97828531883455 0
198 7.648319408060537 39.90345803577878 0
199 7.663650781400404 39.00960747082318 0
200 8.820170091639694 41.76004412944243 0
201 7.64811369318361 43.55656531324144 0
202 7.653400879140489 44.43164364126199 0
203 8.465210844266977 44.01084745520845 0
204 11.01963877786451 0.9200549117176801 0
205 4.529787068455075 44.37169630254894 0
206 3.788249645904231 43.95564019241974 0
207 8.451471792096145 39.43985910440907 0
208 8.472035262863546 38.53350542713824 0
209 7.674509961309962 38.07418177515862 0
210 8.474522374867917 37.58883952978679 0
211 9.297936029513238 38.06825818419891 0
212 9.301501660877914 37.10896740112867 0
213 8.466699157437375 36.62470352749251 0
214 9.28624750965486 36.13920205709442 0
215 8.458809437651288 35.64935873934095 0
216 9.289019834329313 35.15958872855702 0
217 8.456396955208984 34.66561156693437 0
218 9.290145518064703 34.1728602201629 0
219 8.461565797838395 33.68750263914207 0
220 9.307128932711887 33.18246218506061 0
221 8.4845536579768 32.6628458041039 0
222 9.3018172971551 32.18374106755307 0
223 8.480976908971776 31.65000715475344 0
224 9.301245921656349 31.18377242939931 0
225 8.468203235789741 30.69431131859201 0
226 9.327373759223834 30.19314211887948 0
227 8.511009527810026 29.70432385268048 0
228 9.313154020019367 29.19644075031584 0
229 8.510115613482004 28.69590089199269 0
230 9.311493664375529 28.19611884210872 0
231 8.47736584458448 27.70591081182464 0
232 9.319894623115042 27.19661442914799 0
233 8.494968865027795 26.67573387396836 0
234 9.312372637266922 26.19334351705909 0
235 8.491325822348006 25.65922789122185 0
236 9.311355302313174 25.19019199970226 0
237 8.477330982312212 24.69915344451041 0
238 9.338507024955394 24.19692824256833 0
239 8.500870663259235 23.67471216317021 0
240 9.319482850242132 23.19352235881078 0
241 8.496490352737331 22.65923385005537 0
242 9.31642141230707 22.19041452682821 0
243 8.482296975663802 21.69911260329834 0
244 9.343728079492969 21.19715109777695 0
245 8.505451261755809 20.67457702728089 0
246 9.32410987114268 20.19361900795601 0
247 8.501059317695635 19.65926144788797 0
248 9.320946189980901 19.19048877518515 0
249 8.487111064664774 18.69893526337096 0
250 9.348916162000988 18.1972147487434 0
251 8.510021429222554 17.67433295617143 0
252 9.328720996879939 17.19361284360321 0
253 8.50563443624489 16.65922383835943 0
254 9.325461497364833 16.19049769106965 0
255 8.486084620737419 15.68853179372091 0
256 9.322810736554292 15.19486591827099 0
257 8.483534226329773 14.69414687775252 0
258 9.322781246194717 14.19653138313291 0
259 8.490661017832085 13.6957462350311 0
260 9.342054608739218 13.1971867006235 0
261 8.514317452061849 12.67339060318879 0
262 9.333263296923445 12.19346170612254 0
263 8.512188610237295 11.65903504525815 0
264 9.33228043257505 11.19044904254803 0
265 8.499679323221518 10.69826714122271 0
266 9.362722805916476 10.19724786402327 0
267 8.540788533408534 9.706003894364038 0
268 9.344100897322289 9.198910247712003 0
269 8.540070320117771 8.697805040998791 0
270 9.341714529644982 8.197821371889097 0
271 8.50920797782501 7.705715501747028 0
272 9.352645432790275 7.197684442045213 0
273 8.543540825251593 6.707075105615879 0
274 9.34586078103615 6.199163883348661 0
275 8.543807208306299 5.698028159512184 0
276 9.371349296474026 5.197255875917959 0
277 8.512745283881396 4.696140363074929 0
278 9.374167483783847 4.197320364233483 0
279 8.509188173867674 3.69583748279213 0
280 10.10156564738234 34.7774388836782 0
281 10.10737041018128 31.7911324171341 0
282 10.11237963776377 28.79744854529203 0
283 10.11352615085516 25.79652626453689 0
284 10.11682365737303 22.79675078557332 0
285 10.11960856552063 19.79682193400137 0
286 10.12238659291292 16.7968339277547 0
287 10.12637352230686 11.79680427352808 0
288 10.13100760219825 8.79894116187393 0
289 10.16583025743371 5.798938037615414 0
290 7.737970558232323 5.163326542718963 0
291 7.667553548395658 34.15532932173448 0
292 7.722391556571776 8.141592656282338 0
293 7.695457589532516 11.10171023097266 0
294 7.667935440124966 14.13974274554759 0
295 7.70529107031788 19.13572056410286 0
296 7.70193123742604 22.13631238249832 0
297 7.689706463115961 31.12860928876197 0
298 7.698508736661299 25.1368266497328 0
299 7.718980298624492 28.17631827795946 0
300 10.12835709508998 37.59372876657924 0
301 9.375194514525099 3.197281635595063 0
302 10.12179234024633 14.79805086390942 0
303 10.24020924551558 3.698766560904709 0
304 7.700654468565711 16.12322379662954 0
305 7.640733098239512 36.1421695018021 0
306 8.508254033126178 2.698649890361385 0
307 7.642733432115504 3.194763607397534 0
308 5.221624922969641 44.97166007157293 0
309 6.869481617887662 44.88323089701355 0
310 17.2100822136026 43.68327973054967 0
311 0.8979877713587946 43.74383179942897 0
312 3.789112381238652 43.08897693862656 0
313 3.04190898069262 43.52201861128167 0
314 10.24179369333514 2.698759947548206 0
315 7.809240642269526 45.41563687512932 0
316 4.531051481609942 41.75270162881831 0
317 5.456773874459389 1.581219886925772 0
318 3.77471121436038 44.80542332385669 0
319 11.07832425321837 3.200201256475 0
320 11.06128067666853 4.299909858690783 0
321 7.760665858833743 40.81296552794884 0
322 7.753592568209233 42.65911826428803 0
323 10.10247696768144 38.51142715760282 0
324 10.92947882033834 38.03404107541519 0
325 10.96146112610225 37.1225919619843 0
326 11.79115288702117 37.60932715648273 0
327 7.571452083646137 2.243429382235398 0
328 6.759506642077675 2.688290651607729 0
329 6.84452584113715 3.628412090759205 0
330 11.05047739040239 2.113685558095569 0
331 8.766362482839295 42.68007567399491 0
332 9.722969006590274 43.13933829581894 0
333 8.763272485568269 40.84904268400901 0
334 3.034500441340343 42.62729949806221 0
335 2.184967819044145 43.07849184015123 0
336 2.315089387542862 43.97895079366873 0
337 6.913480696776638 45.75941204332571 0
338 7.613803329052846 46.39535874754191 0
339 10.20091568199442 1.693606772742093 0
340 11.97075303710358 1.516013419946266 0
341 5.052807236270958 46.67443962364362 0
342 12.96014457732836 46.68242405246178 0
343 12.55407681735817 45.8589728364988 0
344 11.63088582512209 45.77823846886097 0
345 12.16685563139559 45.02423559467893 0
346 11.2431512658619 44.93173779583142 0
347 13.06979160924611 45.10867863045299 0
348 12.69466301189326 44.29471643902608 0
349 13.5875271016658 44.38001948944159 0
350 13.21530035826833 43.59892791195706 0
351 14.09460657897779 43.66431077735535 0
352 13.72032074119001 42.940967274166 0
353 10.69478481314695 45.68446035454262 0
354 10.31397801343898 44.830199781181 0
355 10.94561322551576 44.00714307119063 0
356 14.45968823302448 44.45611811083366 0
357 14.96104244606684 43.74298788420938 0
358 12.36094682951169 43.53487205585075 0
359 9.725794531410365 45.6256940260112 0
360 15.32637582575056 44.53036878414831 0
361 15.81384708786812 43.83868218232968 0
362 15.45184325129522 43.10278740302984 0
363 14.82784715356993 45.21603912821891 0
364 16.22657210317607 44.72225193410877 0
365 9.268464042854385 44.64794301268848 0
366 8.796898132014555 45.50597490591259 0
367 5.509679916224343 45.90026733651599 0
368 4.562871699817016 45.8832415135338 0
369 13.49331584376943 40.83505576052018 0
370 13.46611944157476 41.67178373076681 0
371 12.70678993807555 42.10647077163711 0
372 10.08726923415079 46.56719364731585 0
373 5.320212932705134 38.52003565347674 0
374 6.159756617578822 38.05085442085871 0
375 6.181088065793253 37.0566748778462 0
376 10.87591558552064 38.99341488191051 0
377 3.776184212693153 42.18984972361651 0
378 2.270927252406163 42.11546528650604 0
379 4.523075824599184 40.86387559815948 0
380 5.363094623847452 36.50732062417877 0
381 6.177054236716716 36.05319554334376 0
382 6.180915259228636 35.05551220419444 0
383 11.86844820090255 3.858641227997562 0
384 0.7844782572169422 44.73947684767634 0
385 17.11451326142276 44.69970901519588 0
386 11.93347410132844 41.73539815334419 0
387 11.97925321874618 42.73990790461087 0
388 11.10021120512803 43.10793921023837 0
389 9.264759798634998 38.96485817338533 0
390 9.263017737724374 39.8952318420613 0
391 13.96104187296163 45.12198205321051 0
392 13.56114251511868 45.92190980758798 0
393 14.59441578836259 42.99383301077697 0
394 14.21965125484031 42.16121716821864 0
395 3.761500951244722 41.26418721717835 0
396 3.048177954639301 44.37640500500854 0
397 3.002677227011836 45.17913433898602 0
398 6.871414347002391 41.28388793996056 0
399 4.543511871107315 42.63526870957051 0
400 8.002071081481112 0.794924323783434 0
401 5.366025403784977 16.49999999996566 0
402 6.213079206155208 17.03285910057197 0
403 6.19175640272841 18.00547607208701 0
404 6.942056543807126 17.58206315127348 0
405 5.359309837851455 18.50091204205896 0
406 6.167917254209577 19.0342603389597 0
407 5.354217552691942 19.5058610806621 0
408 6.200227076804683 20.03988171538696 0
409 6.189183653320715 21.00664216032489 0
410 6.937680283282519 20.58400249963288 0
411 5.358883616673769 21.50110317688758 0
412 6.166796807968038 22.03481124241433 0
413 5.353962079063185 22.50598129007114 0
414 6.199808301687163 23.04031734445134 0
415 6.188701550997586 24.00670076978884 0
416 6.935764319302496 23.58461961951111 0
417 5.358813061651055 24.50110211272773 0
418 6.166119866228944 25.03510767654058 0
419 5.353846384021526 25.50601822127627 0
420 6.199504819377787 26.04065641125891 0
421 6.188306975428891 27.00670744401822 0
422 6.934028807689161 26.58507171091681 0
423 5.358782278019186 27.50106375620331 0
424 6.165591519085279 28.03525196594479 0
425 5.353784770568378 28.50599082803203 0
426 6.199296761103582 29.0408120842076 0
427 6.188180525287851 30.00654916261443 0
428 6.951734231658238 29.61690767680771 0
429 5.358889076046614 30.50089159895349 0
430 6.163882435244759 31.03195053320434 0
431 5.353633552135392 31.50524546044509 0
432 6.197384652033397 32.03684111583124 0
433 6.187220459017365 33.00221587502813 0
434 6.929993803756475 32.5755387235763 0
435 5.355423018112766 33.49393785842116 0
436 6.172030145078439 16.03833591713141 0
437 6.188365591692905 15.00326053785834 0
438 5.358744901156564 14.5005436986608 0
439 6.210541691186314 14.00016581062125 0
440 5.361227274845424 13.50011803724753 0
441 6.19126082820998 13.00004675848734 0
442 6.187985628442792 12.00000717153983 0
443 6.92219531381019 12.54241153410802 0
444 5.329976412680344 4.500000000118249 0
445 5.360017238227965 5.499999999792644 0
446 6.195069408611528 6.000621411625655 0
447 6.190354336947307 7.000103562940957 0
448 6.946300581106399 6.575081467060517 0
449 5.359075991754112 7.50001725569857 0
450 6.21111115976114 8.000005227203818 0
451 5.361377228354677 8.500003739486434 0
452 6.190984980068967 9.000001474426433 0
453 6.189237514212882 10.00000013439398 0
454 6.943058026641411 9.574583996213308 0
455 5.358889780254775 10.49999985726938 0
456 6.129076836506229 5.032916507865361 0
457 12.6339745987994 14.49999994849191 0
458 11.79471249802741 13.99999998919094 0
459 11.77240987883055 13.00000014719923 0
460 10.94244071700828 13.39948551536286 0
461 10.9560722702599 12.39912456128632 0
462 11.80494998598016 11.98318749141623 0
463 11.79917309817493 14.99999986390284 0
464 11.79960351993083 15.99999950548417 0
465 10.98387963439506 15.41608364857498 0
466 12.6392502036785 16.49999941031522 0
467 11.80055464145247 16.9999992538755 0
468 12.64028802792033 17.49999961046091 0
469 11.77443671130948 17.99999927596815 0
470 11.79501143894383 18.99999815169471 0
471 10.9407339397138 18.39947827968307 0
472 10.95945712212159 17.39912541351409 0
473 12.63848464420542 19.49999775681525 0
474 11.79919251151265 19.9999970684609 0
475 12.63993322546813 20.49999846745546 0
476 11.77415331638074 20.99999709648892 0
477 11.79449333171281 21.99999295588757 0
478 10.93934012706145 21.39945615465842 0
479 10.95762343719003 20.399111085946 0
480 12.63839725287035 22.49999164987607 0
481 11.79862139639462 22.9999892069482 0
482 12.63982271628466 23.49999444870909 0
483 11.77404989928921 23.99998963289919 0
484 11.79399983743093 24.99997452088453 0
485 10.93796915220476 24.39937473456958 0
486 10.95594998357949 23.39905374901318 0
487 12.63831166350018 25.49996942152951 0
488 11.7980513408402 25.9999602506501 0
489 12.63971078873183 26.49997936516841 0
490 11.77397378719525 26.99996115720419 0
491 11.79348888058244 27.99990521007707 0
492 10.9365591081146 27.39907315661933 0
493 10.95417395618954 26.39884826346373 0
494 12.63821322162775 28.49988699664971 0
495 11.79746096971871 28.9998535713256 0
496 12.63958593904492 29.49992437509994 0
497 11.77399260203989 29.99985827554161 0
498 11.79291312351442 30.99965312770195 0
499 10.93500378817652 30.3979632734926 0
500 10.95268754052513 29.3983824290589 0
501 12.63807039183492 31.49958505125308 0
502 11.79679745991746 31.99946147321983 0
503 12.63941523997317 32.49972129543969 0
504 11.77435832472364 32.99947676345391 0
505 11.79207501329564 33.99872525784565 0
506 10.93290801855307 33.39387871326682 0
507 10.95030596485767 32.39504989875159 0
508 12.6377790202593 34.49852014830868 0
509 11.79583098519772 34.99807325154065 0
510 12.63951273154198 35.49541620850897 0
511 11.76106248963205 35.9307276772631 0
512 10.92827074278835 35.4006634905498 0
513 12.63397459749439 8.499999991428833 0
514 11.79565139137735 7.999999997776806 0
515 11.77256623924836 7.000000016365736 0
516 11.80026842343214 8.999999987827707 0
517 10.94513409546301 7.39948589837692 0
518 10.96484856726322 6.399480276285161 0
519 11.80737816699345 5.983246721491239 0
520 12.63936112586867 9.499999990632812 0
521 11.7742334771547 9.999999944572355 0
522 10.9566448786038 9.416233108421096 0
523 10.94865985227209 10.38552473656948 0
524 11.81018530947856 10.97811872870108 0
525 12.6339743854669 11.499999957181 0
526 12.65095107697664 5.488922804290718 0
527 11.8592364032336 4.930168454516459 0
528 5.315173610034249 2.560413980086478 0
529 10.2139654601649 4.782031786783056 0
530 9.390767472552083 2.239986955673791 0
531 7.70643473145884 4.178604874487488 0
532 12.64414501374805 6.495361590945707 0
533 12.63577344245381 12.49927070535731 0
534 6.186691116148449 11.00000029264272 0
535 5.361835969809173 11.49999992706518 0
536 7.680107049744363 15.10760788684174 0
537 15.81171118124369 41.9177680395646 0
538 14.24343560835873 41.23109229968365 0
539 10.38887723574991 42.66362797236079 0
540 7.654999671332186 35.15868279105747 0
541 11.84821810011494 44.22382121764918 0
542 7.673751734648786 37.11384034715574 0
543 0.760708331345636 42.77114236414761 0
544 17.21800961182532 42.75540898747083 0
545 6.079143407392269 44.41412424306259 0
546 9.96417508152455 43.97900973361133 0
547 10.10022669993821 36.65534609608896 0
548 6.152209307614013 34.03355482411978 0
549 8.501387810979635 1.712977058923308 0
550 5.344135474736484 34.51231564395405 0
551 6.870150079099003 42.18105310554314 0
552 11.07740504216795 46.58773357410078 0
553 16.35854313728113 43.17932273490472 0
554 6.096461595472995 39.02202619997123 0
555 12.53230184758636 38.44188583128114 0
556 7.61032763551999 41.72957290622595 0
557 6.032589320608354 0.8069399526611246 0
558 6.625691695473577 1.693699862423651 0
559 1.534646817013462 45.18113615994676 0
560 6.888443551536248 38.56419903423797 0
561 1.591191725386358 44.37789133759394 0
562 1.398226088909882 43.13749734528951 0
563 7.743820519238721 7.137351449429358 0
564 7.735911252955662 10.12920153136542 0
565 7.681661860145899 13.17144930466208 0
566 12.61074032896982 37.3888477213385 0
567 7.681559431644502 18.17600852298087 0
568 9.977949663833344 0.8012879389559822 0
569 2.290177659423331 44.78103732837445 0
570 7.689150229199878 21.14447897201289 0
571 7.685550947141961 24.14498054398804 0
572 7.703398214826227 27.10721180284722 0
573 7.720916700267493 30.13930478223815 0
574 7.674501455056077 33.13769862957437 0
575 15.04240720746948 45.97359428845817 0
576 6.096004280310422 45.25149885406071 0
577 2.983964058026999 45.95644126657007 0
578 6.920474176722019 37.58424399302687 0
579 15.17531990884028 42.39394280401015 0
580 6.771552883933277 46.63650989452164 0
581 10.09805207603591 35.74065254125205 0
582 10.93245543127263 34.37492743567384 0
583 10.06503680126615 33.71137950819816 0
584 10.09205414451306 32.75072436515283 0
585 10.9382959730689 31.37948632689897 0
586 10.06357964298649 30.71443287692548 0
587 10.09763036801613 29.75792250598716 0
588 10.9404333185687 28.3819701360671 0
589 10.0725860297565 27.72666975860957 0
590 10.09894594494506 26.7601581621938 0
591 10.94169745492041 25.38213185694988 0
592 10.0690169149924 24.71870350851122 0
593 10.08882132107677 23.74201774438405 0
594 10.94334626490533 22.38226783543162 0
595 12.89290539823494 1.520308316354493 0
596 10.07160445805761 21.71893945751363 0
597 10.09153893781332 20.74216539512933 0
598 10.94489789430307 19.3823066794038 0
599 10.07412897548502 18.71900447451391 0
600 10.09425639551107 17.74220217963281 0
601 10.95424363258434 16.38508233806756 0
602 10.13842907234296 15.79690239794122 0
603 10.95052538178347 14.38534596417538 0
604 3.7456717794072 45.53916921021003 0
605 10.07740638389745 13.71946805776572 0
606 10.11027002999397 12.75974130679763 0
607 10.95162566303304 11.37353622350836 0
608 10.08810506090105 10.72586732365516 0
609 10.10217716333101 9.743693934314447 0
610 6.930421185940991 36.60062811827143 0
611 10.94909612992974 8.385519643212362 0
612 8.398642908109187 44.80240917804016 0
613 10.08962107301569 7.728047350883619 0
614 10.12189454201428 6.761797408386375 0
615 11.01208992195957 5.365629189230352 0
616 12.68094467985272 3.395183523500553 0
617 11.82627658209125 2.711675045197117 0
618 12.85646047143267 42.90578329343272 0
619 4.366933337001862 45.11423808434447 0
620 4.307387217321736 46.67988954867463 0
621 10.92569179032916 36.27591949475599 0
622 16.62166722788146 45.30583445576292 0
623 11.78100304229794 36.800625358449 0
624 6.884878796214704 7.499999993175049 0
625 13.71344765979734 46.70324326973102 0
626 6.058757352591662 3.109730119341763 0
627 6.896633903699549 10.51325375869823 0
628 6.119967824369686 4.077367979710642 0
629 6.903361964703814 4.597392745169639 0
630 11.96651247333499 0.6367902776871361 0
631 6.891245717088946 13.51535021682941 0
632 6.961397121270522 5.593997107855913 0
633 7.746139468900975 6.145809972032135 0
634 6.967774352649703 8.568471230949118 0
635 6.919294347717125 34.59218751015118 0
636 7.741665673724142 9.1362763916955 0
637 8.377349456456614 40.1801114388414 0
638 6.945276039714238 18.60545151949157 0
639 6.906948086068875 11.5133913113099 0
640 7.715263096563529 12.07876560422283 0
641 6.944445295776284 21.60123423449 0
642 6.871682249964163 14.50000137996748 0
643 6.932848033994281 15.57826403115384 0
644 6.921795486926118 33.58275414736404 0
645 6.94930397106226 16.55915503273295 0
646 6.942585461666861 24.60186935315055 0
647 7.720667060666877 17.09219635443782 0
648 10.4243691509017 43.37941165664401 0
649 9.123980153459957 43.6746977055159 0
650 6.948399583130739 27.60246826179479 0
651 6.948132117005267 19.56659299608947 0
652 6.947412157878702 30.60157635729469 0
653 7.714460713209498 20.12743891783449 0
654 6.946403673094256 22.56626586656125 0
655 6.944634255666426 25.56664807135915 0
656 7.71116853216022 23.12768740429738 0
657 7.70755793713719 32.09538092668188 0
658 6.973106574331005 28.63738988369552 0
659 9.663970735929773 40.58206237850965 0
660 6.917236299862528 35.6003959448034 0
661 7.711144117036486 26.12178666667436 0
662 6.939322908194414 31.5783161575584 0
663 7.730977157695543 29.161690894229 0
664 9.970516172037888 39.26066758821253 0
665 16.51201774133819 44.0481320200125 0
666 8.321427896633738 46.14473178364892 0
667 11.23667200669745 39.6994383897856 0
668 8.216067633780092 41.38762659690209 0
669 11.59871830903185 38.44890087489013 0
670 5.232050807568035 0.7320508075685421 0
671 8.351451948391814 43.31626088244974 0
672 12.77519549836066 0.7248045016400813 0
673 9.490445170073157 1.441584803288365 0
674 7.541713372811483 1.451177696359845 0
675 8.206446182568676 42.08875327594468 0
676 15.9237060826371 42.5923711044293 0
677 8.185127340107815 46.83993326829145 0
678 14.35709685183359 45.68076027304935 0
679 13.3292065926246 42.35988198830778 0
680 6.210165908896847 46.00984618316133 0
681 11.66994917985063 43.54306760717621 0
682 1.683268112143014 43.69009520798485 0
683 6.04318063492731 2.326670900077078 0
$EndNodes
$Elements
1374
1 15 2 0 1 1
2 15 2 0 3 2
3 15 2 0 4 3
4 15 2 0 5 4
5 15 2 0 6 5
6 15 2 0 7 6
7 15 2 0 8 7
8 15 2 0 9 8
9 15 2 0 10 9
10 15 2 0 11 10
11 1 2 0 1 1 11
12 1 2 0 1 11 12
13 1 2 0 1 12 13
14 1 2 0 1 13 14
15 1 2 0 1 14 15
16 1 2 0 1 15 16
17 1 2 0 1 16 17
18 1 2 0 1 17 18
19 1 2 0 1 18 19
20 1 2 0 1 19 20
21 1 2 0 1 20 21
22 1 2 0 1 21 22
23 1 2 0 1 22 23
24 1 2 0 1 23 24
25 1 2 0 1 24 25
26 1 2 0 1 25 26
27 1 2 0 1 26 27
28 1 2 0 1 27 28
29 1 2 0 1 28 29
30 1 2 0 1 29 30
31 1 2 0 1 30 31
32 1 2 0 1 31 32
33 1 2 0 1 32 33
34 1 2 0 1 33 34
35 1 2 0 1 34 35
36 1 2 0 1 35 36
37 1 2 0 1 36 37
38 1 2 0 1 37 38
39 1 2 0 1 38 39
40 1 2 0 1 39 40
41 1 2 0 1 40 41
42 1 2 0 1 41 42
43 1 2 0 1 42 43
44 1 2 0 1 43 44
45 1 2 0 1 44 45
46 1 2 0 1 45 46
47 1 2 0 1 46 47
48 1 2 0 1 47 48
49 1 2 0 1 48 49
50 1 2 0 1 49 3
51 1 2 0 2 3 50
52 1 2 0 2 50 51
53 1 2 0 2 51 52
54 1 2 0 2 52 53
55 1 2 0 2 53 54
56 1 2 0 2 54 4
57 1 2 0 3 4 55
58 1 2 0 3 55 56
59 1 2 0 3 56 5
60 1 2 0 4 5 57
61 1 2 0 4 57 58
62 1 2 0 4 58 59
63 1 2 0 4 59 60
64 1 2 0 4 60 61
65 1 2 0 4 61 6
66 1 2 0 5 6 62
67 1 2 0 5 62 63
68 1 2 0 5 63 64
69 1 2 0 5 64 65
70 1 2 0 5 65 66
71 1 2 0 5 66 67
72 1 2 0 5 67 68
73 1 2 0 5 68 69
74 1 2 0 5 69 7
75 1 2 0 6 7 70
76 1 2 0 6 70 71
77 1 2 0 6 71 72
78 1 2 0 6 72 73
79 1 2 0 6 73 74
80 1 2 0 6 74 8
81 1 2 0 7 8 75
82 1 2 0 7 75 76
83 1 2 0 7 76 9
84 1 2 0 8 9 77
85 1 2 0 8 77 78
86 1 2 0 8 78 79
87 1 2 0 8 79 80
88 1 2 0 8 80 81
89 1 2 0 8 81 10
90 1 2 0 9 10 82
91 1 2 0 9 82 83
92 1 2 0 9 83 84
93 1 2 0 9 84 85
94 1 2 0 9 85 86
95 1 2 0 9 86 87
96 1 2 0 9 87 88
97 1 2 0 9 88 89
98 1 2 0 9 89 90
99 1 2 0 9 90 91
100 1 2 0 9 91 92
101 1 2 0 9 92 93
102 1 2 0 9 93 94
103 1 2 0 9 94 95
104 1 2 0 9 95 96
105 1 2 0 9 96 97
106 1 2 0 9 97 98
107 1 2 0 9 98 99
108 1 2 0 9 99 100
109 1 2 0 9 100 101
110 1 2 0 9 101 102
111 1 2 0 9 102 103
112 1 2 0 9 103 104
113 1 2 0 9 104 105
114 1 2 0 9 105 106
115 1 2 0 9 106 107
116 1 2 0 9 107 108
117 1 2 0 9 108 109
118 1 2 0 9 109 110
119 1 2 0 9 110 111
120 1 2 0 9 111 112
121 1 2 0 9 112 113
122 1 2 0 9 113 114
123 1 2 0 9 114 115
124 1 2 0 9 115 116
125 1 2 0 9 116 117
126 1 2 0 9 117 118
127 1 2 0 9 118 119
128 1 2 0 9 119 120
129 1 2 0 9 120 2
130 1 2 0 10 2 121
131 1 2 0 10 121 122
132 1 2 0 10 122 123
133 1 2 0 10 123 124
134 1 2 0 10 124 125
135 1 2 0 10 125 126
136 1 2 0 10 126 127
137 1 2 0 10 127 128
138 1 2 0 10 128 1
139 2 2 0 1 308 619 368
140 2 2 0 1 308 368 367
141 2 2 0 1 359 366 129
142 2 2 0 1 330 340 204
143 2 2 0 1 360 363 177
144 2 2 0 1 129 372 359
145 2 2 0 1 204 339 330
146 2 2 0 1 53 378 52
147 2 2 0 1 334 377 162
148 2 2 0 1 529 615 320
149 2 2 0 1 544 553 310
150 2 2 0 1 177 364 360
151 2 2 0 1 335 378 182
152 2 2 0 1 320 527 383
153 2 2 0 1 383 527 145
154 2 2 0 1 340 617 180
155 2 2 0 1 66 372 129
156 2 2 0 1 326 669 555
157 2 2 0 1 555 566 326
158 2 2 0 1 331 671 649
159 2 2 0 1 331 649 332
160 2 2 0 1 182 562 335
161 2 2 0 1 162 378 334
162 2 2 0 1 67 372 66
163 2 2 0 1 320 615 527
164 2 2 0 1 221 657 574
165 2 2 0 1 582 583 280
166 2 2 0 1 51 395 50
167 2 2 0 1 506 583 582
168 2 2 0 1 233 661 572
169 2 2 0 1 239 656 571
170 2 2 0 1 245 653 570
171 2 2 0 1 251 647 567
172 2 2 0 1 261 640 565
173 2 2 0 1 52 378 162
174 2 2 0 1 585 586 281
175 2 2 0 1 499 586 585
176 2 2 0 1 588 589 282
177 2 2 0 1 611 613 288
178 2 2 0 1 517 613 611
179 2 2 0 1 492 589 588
180 2 2 0 1 607 608 287
181 2 2 0 1 523 608 607
182 2 2 0 1 603 605 302
183 2 2 0 1 460 605 603
184 2 2 0 1 601 602 286
185 2 2 0 1 465 602 601
186 2 2 0 1 598 599 285
187 2 2 0 1 591 592 283
188 2 2 0 1 594 596 284
189 2 2 0 1 471 599 598
190 2 2 0 1 485 592 591
191 2 2 0 1 478 596 594
192 2 2 0 1 616 617 383
193 2 2 0 1 180 617 616
194 2 2 0 1 182 378 53
195 2 2 0 1 327 558 328
196 2 2 0 1 377 395 162
197 2 2 0 1 135 623 566
198 2 2 0 1 574 657 434
199 2 2 0 1 330 617 340
200 2 2 0 1 180 595 340
201 2 2 0 1 8 385 74
202 2 2 0 1 57 384 5
203 2 2 0 1 572 661 422
204 2 2 0 1 571 656 416
205 2 2 0 1 163 538 394
206 2 2 0 1 570 653 410
207 2 2 0 1 567 647 404
208 2 2 0 1 62 341 6
209 2 2 0 1 565 640 443
210 2 2 0 1 67 552 372
211 2 2 0 1 394 538 370
212 2 2 0 1 75 385 8
213 2 2 0 1 5 384 56
214 2 2 0 1 566 623 326
215 2 2 0 1 181 553 544
216 2 2 0 1 203 612 365
217 2 2 0 1 68 552 67
218 2 2 0 1 143 379 183
219 2 2 0 1 327 674 558
220 2 2 0 1 338 580 64
221 2 2 0 1 189 369 144
222 2 2 0 1 315 666 366
223 2 2 0 1 162 395 51
224 2 2 0 1 365 649 203
225 2 2 0 1 50 395 379
226 2 2 0 1 363 575 177
227 2 2 0 1 183 379 316
228 2 2 0 1 360 364 361
229 2 2 0 1 375 381 380
230 2 2 0 1 189 370 369
231 2 2 0 1 366 612 315
232 2 2 0 1 321 668 333
233 2 2 0 1 424 658 650
234 2 2 0 1 418 655 646
235 2 2 0 1 333 637 321
236 2 2 0 1 412 654 641
237 2 2 0 1 370 538 369
238 2 2 0 1 406 651 638
239 2 2 0 1 650 658 299
240 2 2 0 1 646 655 298
241 2 2 0 1 436 645 643
242 2 2 0 1 641 654 296
243 2 2 0 1 643 645 304
244 2 2 0 1 638 651 295
245 2 2 0 1 7 342 69
246 2 2 0 1 373 374 175
247 2 2 0 1 634 636 292
248 2 2 0 1 454 636 634
249 2 2 0 1 48 373 175
250 2 2 0 1 507 584 506
251 2 2 0 1 506 584 583
252 2 2 0 1 628 629 329
253 2 2 0 1 456 629 628
254 2 2 0 1 322 671 331
255 2 2 0 1 47 380 46
256 2 2 0 1 368 604 157
257 2 2 0 1 46 380 154
258 2 2 0 1 632 633 290
259 2 2 0 1 331 675 322
260 2 2 0 1 394 579 163
261 2 2 0 1 448 633 632
262 2 2 0 1 342 343 171
263 2 2 0 1 3 379 143
264 2 2 0 1 376 664 165
265 2 2 0 1 366 666 129
266 2 2 0 1 3 142 49
267 2 2 0 1 82 130 10
268 2 2 0 1 144 369 10
269 2 2 0 1 317 558 557
270 2 2 0 1 430 662 652
271 2 2 0 1 64 677 338
272 2 2 0 1 499 587 586
273 2 2 0 1 500 587 499
274 2 2 0 1 652 662 297
275 2 2 0 1 165 664 390
276 2 2 0 1 635 644 548
277 2 2 0 1 76 544 310
278 2 2 0 1 311 543 55
279 2 2 0 1 172 341 62
280 2 2 0 1 492 590 589
281 2 2 0 1 493 590 492
282 2 2 0 1 291 644 635
283 2 2 0 1 485 593 592
284 2 2 0 1 486 593 485
285 2 2 0 1 311 562 543
286 2 2 0 1 478 597 596
287 2 2 0 1 165 667 376
288 2 2 0 1 479 597 478
289 2 2 0 1 377 399 316
290 2 2 0 1 471 600 599
291 2 2 0 1 472 600 471
292 2 2 0 1 172 367 341
293 2 2 0 1 460 606 605
294 2 2 0 1 316 399 185
295 2 2 0 1 461 606 460
296 2 2 0 1 390 659 165
297 2 2 0 1 523 609 608
298 2 2 0 1 522 609 523
299 2 2 0 1 204 568 339
300 2 2 0 1 3 143 142
301 2 2 0 1 130 144 10
302 2 2 0 1 69 342 171
303 2 2 0 1 517 614 613
304 2 2 0 1 334 378 335
305 2 2 0 1 518 614 517
306 2 2 0 1 553 665 310
307 2 2 0 1 559 569 561
308 2 2 0 1 289 615 529
309 2 2 0 1 310 385 75
310 2 2 0 1 56 384 311
311 2 2 0 1 176 569 559
312 2 2 0 1 380 381 154
313 2 2 0 1 367 368 341
314 2 2 0 1 342 392 343
315 2 2 0 1 76 310 75
316 2 2 0 1 56 311 55
317 2 2 0 1 171 552 68
318 2 2 0 1 175 380 47
319 2 2 0 1 375 610 381
320 2 2 0 1 384 561 311
321 2 2 0 1 157 620 368
322 2 2 0 1 373 554 374
323 2 2 0 1 316 395 377
324 2 2 0 1 379 395 316
325 2 2 0 1 512 582 280
326 2 2 0 1 341 620 6
327 2 2 0 1 280 581 512
328 2 2 0 1 63 172 62
329 2 2 0 1 185 399 187
330 2 2 0 1 356 391 363
331 2 2 0 1 343 347 345
332 2 2 0 1 317 683 558
333 2 2 0 1 130 555 191
334 2 2 0 1 170 539 166
335 2 2 0 1 367 576 308
336 2 2 0 1 69 171 68
337 2 2 0 1 48 175 47
338 2 2 0 1 362 393 357
339 2 2 0 1 349 391 356
340 2 2 0 1 343 345 344
341 2 2 0 1 390 637 333
342 2 2 0 1 167 386 161
343 2 2 0 1 207 390 389
344 2 2 0 1 57 559 384
345 2 2 0 1 347 349 348
346 2 2 0 1 187 193 192
347 2 2 0 1 183 316 185
348 2 2 0 1 349 356 351
349 2 2 0 1 349 351 350
350 2 2 0 1 207 389 208
351 2 2 0 1 193 206 205
352 2 2 0 1 143 183 179
353 2 2 0 1 166 539 167
354 2 2 0 1 189 371 370
355 2 2 0 1 323 376 324
356 2 2 0 1 208 389 211
357 2 2 0 1 347 348 345
358 2 2 0 1 193 205 192
359 2 2 0 1 206 318 205
360 2 2 0 1 333 659 390
361 2 2 0 1 167 387 386
362 2 2 0 1 211 389 323
363 2 2 0 1 357 393 351
364 2 2 0 1 356 360 357
365 2 2 0 1 356 357 351
366 2 2 0 1 154 550 45
367 2 2 0 1 332 539 170
368 2 2 0 1 161 386 158
369 2 2 0 1 49 373 48
370 2 2 0 1 211 323 300
371 2 2 0 1 193 312 206
372 2 2 0 1 349 350 348
373 2 2 0 1 356 363 360
374 2 2 0 1 396 397 318
375 2 2 0 1 351 352 350
376 2 2 0 1 66 129 65
377 2 2 0 1 374 375 175
378 2 2 0 1 206 396 318
379 2 2 0 1 509 512 511
380 2 2 0 1 347 391 349
381 2 2 0 1 183 185 184
382 2 2 0 1 336 396 313
383 2 2 0 1 343 344 171
384 2 2 0 1 397 569 176
385 2 2 0 1 351 393 352
386 2 2 0 1 510 511 135
387 2 2 0 1 509 511 510
388 2 2 0 1 312 334 313
389 2 2 0 1 167 388 387
390 2 2 0 1 158 189 144
391 2 2 0 1 346 355 354
392 2 2 0 1 312 313 206
393 2 2 0 1 343 392 347
394 2 2 0 1 393 394 352
395 2 2 0 1 348 541 345
396 2 2 0 1 358 541 348
397 2 2 0 1 194 398 321
398 2 2 0 1 323 324 300
399 2 2 0 1 381 382 154
400 2 2 0 1 187 399 193
401 2 2 0 1 85 510 135
402 2 2 0 1 313 396 206
403 2 2 0 1 504 507 506
404 2 2 0 1 158 386 189
405 2 2 0 1 183 184 179
406 2 2 0 1 312 377 334
407 2 2 0 1 143 179 178
408 2 2 0 1 169 333 200
409 2 2 0 1 504 506 505
410 2 2 0 1 502 507 504
411 2 2 0 1 507 585 281
412 2 2 0 1 194 321 198
413 2 2 0 1 86 510 85
414 2 2 0 1 504 505 136
415 2 2 0 1 503 504 136
416 2 2 0 1 502 504 503
417 2 2 0 1 87 508 86
418 2 2 0 1 44 435 43
419 2 2 0 1 185 187 186
420 2 2 0 1 153 433 432
421 2 2 0 1 433 434 432
422 2 2 0 1 201 322 196
423 2 2 0 1 281 584 507
424 2 2 0 1 88 503 136
425 2 2 0 1 505 509 508
426 2 2 0 1 497 500 499
427 2 2 0 1 153 432 431
428 2 2 0 1 382 550 154
429 2 2 0 1 508 510 86
430 2 2 0 1 153 431 42
431 2 2 0 1 187 192 188
432 2 2 0 1 495 500 497
433 2 2 0 1 505 508 136
434 2 2 0 1 497 499 498
435 2 2 0 1 42 431 41
436 2 2 0 1 153 435 433
437 2 2 0 1 89 503 88
438 2 2 0 1 169 200 170
439 2 2 0 1 497 498 137
440 2 2 0 1 43 435 153
441 2 2 0 1 496 497 137
442 2 2 0 1 495 497 496
443 2 2 0 1 90 501 89
444 2 2 0 1 82 555 130
445 2 2 0 1 41 429 40
446 2 2 0 1 335 336 313
447 2 2 0 1 498 502 501
448 2 2 0 1 152 427 426
449 2 2 0 1 427 428 426
450 2 2 0 1 91 496 137
451 2 2 0 1 41 431 429
452 2 2 0 1 490 493 492
453 2 2 0 1 429 430 427
454 2 2 0 1 554 560 374
455 2 2 0 1 152 426 425
456 2 2 0 1 152 425 39
457 2 2 0 1 501 503 89
458 2 2 0 1 498 501 137
459 2 2 0 1 488 493 490
460 2 2 0 1 490 492 491
461 2 2 0 1 136 508 87
462 2 2 0 1 39 425 38
463 2 2 0 1 152 429 427
464 2 2 0 1 92 496 91
465 2 2 0 1 490 491 138
466 2 2 0 1 40 429 152
467 2 2 0 1 489 490 138
468 2 2 0 1 488 490 489
469 2 2 0 1 93 494 92
470 2 2 0 1 38 423 37
471 2 2 0 1 491 495 494
472 2 2 0 1 151 421 420
473 2 2 0 1 421 422 420
474 2 2 0 1 94 489 138
475 2 2 0 1 38 425 423
476 2 2 0 1 483 486 485
477 2 2 0 1 423 424 421
478 2 2 0 1 151 420 419
479 2 2 0 1 151 419 36
480 2 2 0 1 494 496 92
481 2 2 0 1 431 432 430
482 2 2 0 1 491 494 138
483 2 2 0 1 481 486 483
484 2 2 0 1 483 485 484
485 2 2 0 1 137 501 90
486 2 2 0 1 36 419 35
487 2 2 0 1 151 423 421
488 2 2 0 1 95 489 94
489 2 2 0 1 483 484 139
490 2 2 0 1 37 423 151
491 2 2 0 1 482 483 139
492 2 2 0 1 481 483 482
493 2 2 0 1 96 487 95
494 2 2 0 1 35 417 34
495 2 2 0 1 484 488 487
496 2 2 0 1 150 415 414
497 2 2 0 1 415 416 414
498 2 2 0 1 97 482 139
499 2 2 0 1 35 419 417
500 2 2 0 1 476 479 478
501 2 2 0 1 417 418 415
502 2 2 0 1 150 414 413
503 2 2 0 1 487 489 95
504 2 2 0 1 425 426 424
505 2 2 0 1 150 413 33
506 2 2 0 1 484 487 139
507 2 2 0 1 476 478 477
508 2 2 0 1 474 479 476
509 2 2 0 1 138 494 93
510 2 2 0 1 98 482 97
511 2 2 0 1 150 417 415
512 2 2 0 1 476 477 140
513 2 2 0 1 33 413 32
514 2 2 0 1 475 476 140
515 2 2 0 1 34 417 150
516 2 2 0 1 474 476 475
517 2 2 0 1 99 480 98
518 2 2 0 1 477 481 480
519 2 2 0 1 32 411 31
520 2 2 0 1 409 410 408
521 2 2 0 1 100 475 140
522 2 2 0 1 149 409 408
523 2 2 0 1 469 472 471
524 2 2 0 1 32 413 411
525 2 2 0 1 411 412 409
526 2 2 0 1 480 482 98
527 2 2 0 1 419 420 418
528 2 2 0 1 467 472 469
529 2 2 0 1 477 480 140
530 2 2 0 1 469 471 470
531 2 2 0 1 139 487 96
532 2 2 0 1 101 475 100
533 2 2 0 1 469 470 141
534 2 2 0 1 468 469 141
535 2 2 0 1 149 411 409
536 2 2 0 1 467 469 468
537 2 2 0 1 149 408 407
538 2 2 0 1 149 407 30
539 2 2 0 1 102 473 101
540 2 2 0 1 31 411 149
541 2 2 0 1 470 474 473
542 2 2 0 1 405 406 403
543 2 2 0 1 403 404 402
544 2 2 0 1 103 468 141
545 2 2 0 1 30 407 29
546 2 2 0 1 173 405 403
547 2 2 0 1 173 403 402
548 2 2 0 1 439 441 440
549 2 2 0 1 24 440 23
550 2 2 0 1 473 475 101
551 2 2 0 1 413 414 412
552 2 2 0 1 104 468 103
553 2 2 0 1 470 473 141
554 2 2 0 1 140 480 99
555 2 2 0 1 23 440 133
556 2 2 0 1 463 465 464
557 2 2 0 1 105 466 104
558 2 2 0 1 438 440 24
559 2 2 0 1 463 464 174
560 2 2 0 1 464 467 466
561 2 2 0 1 402 436 401
562 2 2 0 1 28 405 173
563 2 2 0 1 29 405 28
564 2 2 0 1 25 438 24
565 2 2 0 1 173 402 401
566 2 2 0 1 440 441 133
567 2 2 0 1 462 525 524
568 2 2 0 1 464 466 174
569 2 2 0 1 466 468 104
570 2 2 0 1 401 436 134
571 2 2 0 1 407 408 406
572 2 2 0 1 133 535 22
573 2 2 0 1 436 437 134
574 2 2 0 1 525 533 109
575 2 2 0 1 458 463 457
576 2 2 0 1 459 460 458
577 2 2 0 1 141 473 102
578 2 2 0 1 110 525 109
579 2 2 0 1 146 458 457
580 2 2 0 1 134 438 25
581 2 2 0 1 462 533 525
582 2 2 0 1 441 443 442
583 2 2 0 1 174 466 105
584 2 2 0 1 146 459 458
585 2 2 0 1 441 442 133
586 2 2 0 1 457 463 174
587 2 2 0 1 29 407 405
588 2 2 0 1 522 523 521
589 2 2 0 1 516 522 521
590 2 2 0 1 147 525 110
591 2 2 0 1 516 521 520
592 2 2 0 1 459 461 460
593 2 2 0 1 520 521 147
594 2 2 0 1 437 439 438
595 2 2 0 1 524 525 147
596 2 2 0 1 21 455 20
597 2 2 0 1 453 454 452
598 2 2 0 1 521 524 147
599 2 2 0 1 132 453 452
600 2 2 0 1 111 520 147
601 2 2 0 1 526 527 519
602 2 2 0 1 442 535 133
603 2 2 0 1 523 524 521
604 2 2 0 1 112 520 111
605 2 2 0 1 514 516 513
606 2 2 0 1 132 455 453
607 2 2 0 1 148 514 513
608 2 2 0 1 519 532 526
609 2 2 0 1 132 452 451
610 2 2 0 1 515 517 514
611 2 2 0 1 20 455 132
612 2 2 0 1 447 448 446
613 2 2 0 1 132 451 19
614 2 2 0 1 526 532 115
615 2 2 0 1 451 452 450
616 2 2 0 1 449 451 450
617 2 2 0 1 449 450 447
618 2 2 0 1 131 447 446
619 2 2 0 1 148 513 113
620 2 2 0 1 113 513 112
621 2 2 0 1 18 451 449
622 2 2 0 1 18 449 17
623 2 2 0 1 148 515 514
624 2 2 0 1 19 451 18
625 2 2 0 1 513 520 112
626 2 2 0 1 131 449 447
627 2 2 0 1 145 527 526
628 2 2 0 1 459 533 462
629 2 2 0 1 131 446 445
630 2 2 0 1 515 518 517
631 2 2 0 1 446 456 445
632 2 2 0 1 145 526 116
633 2 2 0 1 116 526 115
634 2 2 0 1 445 456 444
635 2 2 0 1 516 520 513
636 2 2 0 1 17 449 131
637 2 2 0 1 15 444 14
638 2 2 0 1 14 444 168
639 2 2 0 1 131 445 16
640 2 2 0 1 15 445 444
641 2 2 0 1 16 445 15
642 2 2 0 1 126 400 125
643 2 2 0 1 125 400 159
644 2 2 0 1 127 190 126
645 2 2 0 1 190 400 126
646 2 2 0 1 27 401 26
647 2 2 0 1 26 401 134
648 2 2 0 1 173 401 27
649 2 2 0 1 28 173 27
650 2 2 0 1 14 168 13
651 2 2 0 1 119 180 118
652 2 2 0 1 146 457 107
653 2 2 0 1 111 147 110
654 2 2 0 1 108 146 107
655 2 2 0 1 114 148 113
656 2 2 0 1 117 145 116
657 2 2 0 1 106 457 174
658 2 2 0 1 13 528 12
659 2 2 0 1 37 151 36
660 2 2 0 1 34 150 33
661 2 2 0 1 31 149 30
662 2 2 0 1 40 152 39
663 2 2 0 1 107 457 106
664 2 2 0 1 43 153 42
665 2 2 0 1 46 154 45
666 2 2 0 1 106 174 105
667 2 2 0 1 168 528 13
668 2 2 0 1 103 141 102
669 2 2 0 1 85 135 84
670 2 2 0 1 88 136 87
671 2 2 0 1 91 137 90
672 2 2 0 1 100 140 99
673 2 2 0 1 94 138 93
674 2 2 0 1 97 139 96
675 2 2 0 1 26 134 25
676 2 2 0 1 17 131 16
677 2 2 0 1 20 132 19
678 2 2 0 1 23 133 22
679 2 2 0 1 125 159 124
680 2 2 0 1 12 528 317
681 2 2 0 1 123 204 122
682 2 2 0 1 12 317 11
683 2 2 0 1 515 532 519
684 2 2 0 1 303 320 319
685 2 2 0 1 328 329 307
686 2 2 0 1 289 529 276
687 2 2 0 1 276 529 278
688 2 2 0 1 330 339 314
689 2 2 0 1 115 532 114
690 2 2 0 1 320 383 319
691 2 2 0 1 306 307 279
692 2 2 0 1 319 330 314
693 2 2 0 1 327 328 307
694 2 2 0 1 303 319 314
695 2 2 0 1 278 303 301
696 2 2 0 1 148 532 515
697 2 2 0 1 303 529 320
698 2 2 0 1 306 327 307
699 2 2 0 1 278 301 279
700 2 2 0 1 301 306 279
701 2 2 0 1 303 314 301
702 2 2 0 1 279 531 277
703 2 2 0 1 329 531 307
704 2 2 0 1 339 530 314
705 2 2 0 1 278 279 277
706 2 2 0 1 274 289 276
707 2 2 0 1 314 530 301
708 2 2 0 1 278 529 303
709 2 2 0 1 301 530 306
710 2 2 0 1 276 278 277
711 2 2 0 1 307 531 279
712 2 2 0 1 277 531 290
713 2 2 0 1 114 532 148
714 2 2 0 1 277 290 275
715 2 2 0 1 515 519 518
716 2 2 0 1 276 277 275
717 2 2 0 1 274 276 275
718 2 2 0 1 146 533 459
719 2 2 0 1 274 275 273
720 2 2 0 1 272 274 273
721 2 2 0 1 268 288 270
722 2 2 0 1 272 273 271
723 2 2 0 1 109 533 108
724 2 2 0 1 270 272 271
725 2 2 0 1 271 292 269
726 2 2 0 1 270 271 269
727 2 2 0 1 268 270 269
728 2 2 0 1 439 440 438
729 2 2 0 1 268 269 267
730 2 2 0 1 266 268 267
731 2 2 0 1 262 287 264
732 2 2 0 1 459 462 461
733 2 2 0 1 266 267 265
734 2 2 0 1 108 533 146
735 2 2 0 1 467 468 466
736 2 2 0 1 264 266 265
737 2 2 0 1 265 293 263
738 2 2 0 1 405 407 406
739 2 2 0 1 264 265 263
740 2 2 0 1 437 438 134
741 2 2 0 1 262 264 263
742 2 2 0 1 22 535 21
743 2 2 0 1 262 263 261
744 2 2 0 1 260 262 261
745 2 2 0 1 534 535 442
746 2 2 0 1 455 534 453
747 2 2 0 1 455 535 534
748 2 2 0 1 260 261 259
749 2 2 0 1 21 535 455
750 2 2 0 1 258 260 259
751 2 2 0 1 474 475 473
752 2 2 0 1 259 294 257
753 2 2 0 1 256 302 258
754 2 2 0 1 258 259 257
755 2 2 0 1 256 258 257
756 2 2 0 1 255 304 253
757 2 2 0 1 252 286 254
758 2 2 0 1 256 257 255
759 2 2 0 1 294 536 257
760 2 2 0 1 411 413 412
761 2 2 0 1 255 536 304
762 2 2 0 1 257 536 255
763 2 2 0 1 254 256 255
764 2 2 0 1 254 255 253
765 2 2 0 1 481 482 480
766 2 2 0 1 252 254 253
767 2 2 0 1 252 253 251
768 2 2 0 1 250 252 251
769 2 2 0 1 246 285 248
770 2 2 0 1 250 251 249
771 2 2 0 1 417 419 418
772 2 2 0 1 248 250 249
773 2 2 0 1 249 295 247
774 2 2 0 1 248 249 247
775 2 2 0 1 488 489 487
776 2 2 0 1 246 248 247
777 2 2 0 1 246 247 245
778 2 2 0 1 244 246 245
779 2 2 0 1 240 284 242
780 2 2 0 1 244 245 243
781 2 2 0 1 423 425 424
782 2 2 0 1 242 244 243
783 2 2 0 1 243 296 241
784 2 2 0 1 242 243 241
785 2 2 0 1 495 496 494
786 2 2 0 1 240 242 241
787 2 2 0 1 240 241 239
788 2 2 0 1 238 240 239
789 2 2 0 1 234 283 236
790 2 2 0 1 238 239 237
791 2 2 0 1 429 431 430
792 2 2 0 1 236 238 237
793 2 2 0 1 237 298 235
794 2 2 0 1 236 237 235
795 2 2 0 1 502 503 501
796 2 2 0 1 234 236 235
797 2 2 0 1 234 235 233
798 2 2 0 1 232 234 233
799 2 2 0 1 228 282 230
800 2 2 0 1 232 233 231
801 2 2 0 1 230 232 231
802 2 2 0 1 231 299 229
803 2 2 0 1 230 231 229
804 2 2 0 1 166 167 161
805 2 2 0 1 228 230 229
806 2 2 0 1 228 229 227
807 2 2 0 1 312 399 377
808 2 2 0 1 80 163 79
809 2 2 0 1 52 162 51
810 2 2 0 1 156 678 392
811 2 2 0 1 509 510 508
812 2 2 0 1 226 228 227
813 2 2 0 1 222 281 224
814 2 2 0 1 334 335 313
815 2 2 0 1 226 227 225
816 2 2 0 1 345 346 344
817 2 2 0 1 224 226 225
818 2 2 0 1 73 177 72
819 2 2 0 1 59 176 58
820 2 2 0 1 225 297 223
821 2 2 0 1 346 541 355
822 2 2 0 1 224 225 223
823 2 2 0 1 193 399 312
824 2 2 0 1 222 224 223
825 2 2 0 1 155 158 144
826 2 2 0 1 164 169 166
827 2 2 0 1 222 223 221
828 2 2 0 1 220 222 221
829 2 2 0 1 216 280 218
830 2 2 0 1 160 164 161
831 2 2 0 1 220 221 219
832 2 2 0 1 361 362 357
833 2 2 0 1 9 544 76
834 2 2 0 1 55 543 4
835 2 2 0 1 218 220 219
836 2 2 0 1 219 291 217
837 2 2 0 1 160 165 164
838 2 2 0 1 354 365 359
839 2 2 0 1 61 157 60
840 2 2 0 1 71 156 70
841 2 2 0 1 211 300 212
842 2 2 0 1 354 546 365
843 2 2 0 1 208 211 210
844 2 2 0 1 218 219 217
845 2 2 0 1 347 392 391
846 2 2 0 1 350 358 348
847 2 2 0 1 200 331 170
848 2 2 0 1 142 373 49
849 2 2 0 1 365 366 359
850 2 2 0 1 340 630 204
851 2 2 0 1 216 218 217
852 2 2 0 1 198 207 199
853 2 2 0 1 155 160 158
854 2 2 0 1 215 305 213
855 2 2 0 1 179 398 194
856 2 2 0 1 555 669 191
857 2 2 0 1 79 537 78
858 2 2 0 1 346 354 353
859 2 2 0 1 179 194 178
860 2 2 0 1 216 217 215
861 2 2 0 1 163 537 79
862 2 2 0 1 160 161 158
863 2 2 0 1 331 332 170
864 2 2 0 1 167 539 388
865 2 2 0 1 197 309 202
866 2 2 0 1 291 540 217
867 2 2 0 1 164 166 161
868 2 2 0 1 169 170 166
869 2 2 0 1 214 216 215
870 2 2 0 1 81 538 80
871 2 2 0 1 345 541 346
872 2 2 0 1 500 588 282
873 2 2 0 1 282 587 500
874 2 2 0 1 322 551 196
875 2 2 0 1 185 186 184
876 2 2 0 1 184 398 179
877 2 2 0 1 80 538 163
878 2 2 0 1 197 545 309
879 2 2 0 1 309 337 315
880 2 2 0 1 215 540 305
881 2 2 0 1 50 379 3
882 2 2 0 1 217 540 215
883 2 2 0 1 194 198 195
884 2 2 0 1 530 549 306
885 2 2 0 1 130 155 144
886 2 2 0 1 214 215 213
887 2 2 0 1 189 386 371
888 2 2 0 1 45 550 44
889 2 2 0 1 386 387 371
890 2 2 0 1 205 308 192
891 2 2 0 1 211 212 210
892 2 2 0 1 360 361 357
893 2 2 0 1 212 214 213
894 2 2 0 1 355 546 354
895 2 2 0 1 202 203 201
896 2 2 0 1 54 182 53
897 2 2 0 1 78 181 77
898 2 2 0 1 375 380 175
899 2 2 0 1 197 201 196
900 2 2 0 1 324 326 325
901 2 2 0 1 305 542 213
902 2 2 0 1 309 315 202
903 2 2 0 1 210 542 209
904 2 2 0 1 283 590 493
905 2 2 0 1 493 591 283
906 2 2 0 1 300 547 212
907 2 2 0 1 207 208 199
908 2 2 0 1 354 359 353
909 2 2 0 1 324 325 300
910 2 2 0 1 212 213 210
911 2 2 0 1 198 199 195
912 2 2 0 1 10 369 81
913 2 2 0 1 194 195 178
914 2 2 0 1 143 178 142
915 2 2 0 1 187 188 186
916 2 2 0 1 142 554 373
917 2 2 0 1 197 202 201
918 2 2 0 1 346 353 344
919 2 2 0 1 188 197 196
920 2 2 0 1 213 542 210
921 2 2 0 1 284 593 486
922 2 2 0 1 208 210 209
923 2 2 0 1 192 545 188
924 2 2 0 1 486 594 284
925 2 2 0 1 435 548 433
926 2 2 0 1 157 604 577
927 2 2 0 1 548 550 382
928 2 2 0 1 385 665 364
929 2 2 0 1 208 209 199
930 2 2 0 1 176 577 397
931 2 2 0 1 435 550 548
932 2 2 0 1 78 537 181
933 2 2 0 1 212 547 214
934 2 2 0 1 400 549 159
935 2 2 0 1 188 196 186
936 2 2 0 1 306 549 327
937 2 2 0 1 355 681 388
938 2 2 0 1 338 666 315
939 2 2 0 1 44 550 435
940 2 2 0 1 285 597 479
941 2 2 0 1 479 598 285
942 2 2 0 1 547 621 581
943 2 2 0 1 325 547 300
944 2 2 0 1 130 191 155
945 2 2 0 1 337 338 315
946 2 2 0 1 359 372 353
947 2 2 0 1 188 545 197
948 2 2 0 1 369 538 81
949 2 2 0 1 286 600 472
950 2 2 0 1 472 601 286
951 2 2 0 1 396 569 397
952 2 2 0 1 184 551 398
953 2 2 0 1 302 602 465
954 2 2 0 1 128 557 127
955 2 2 0 1 465 603 302
956 2 2 0 1 308 545 192
957 2 2 0 1 135 566 84
958 2 2 0 1 186 551 184
959 2 2 0 1 287 606 461
960 2 2 0 1 461 607 287
961 2 2 0 1 227 663 573
962 2 2 0 1 273 563 271
963 2 2 0 1 267 564 265
964 2 2 0 1 196 551 186
965 2 2 0 1 322 556 551
966 2 2 0 1 261 565 259
967 2 2 0 1 309 576 337
968 2 2 0 1 288 609 522
969 2 2 0 1 595 672 340
970 2 2 0 1 251 567 249
971 2 2 0 1 522 611 288
972 2 2 0 1 58 559 57
973 2 2 0 1 177 622 364
974 2 2 0 1 159 568 124
975 2 2 0 1 123 568 204
976 2 2 0 1 245 570 243
977 2 2 0 1 368 619 604
978 2 2 0 1 239 571 237
979 2 2 0 1 267 636 564
980 2 2 0 1 385 622 74
981 2 2 0 1 393 579 394
982 2 2 0 1 273 633 563
983 2 2 0 1 233 572 231
984 2 2 0 1 358 618 387
985 2 2 0 1 340 672 630
986 2 2 0 1 289 614 518
987 2 2 0 1 518 615 289
988 2 2 0 1 227 573 225
989 2 2 0 1 178 554 142
990 2 2 0 1 191 669 376
991 2 2 0 1 398 556 321
992 2 2 0 1 7 625 342
993 2 2 0 1 145 616 383
994 2 2 0 1 221 574 219
995 2 2 0 1 177 575 72
996 2 2 0 1 557 558 190
997 2 2 0 1 71 575 156
998 2 2 0 1 195 554 178
999 2 2 0 1 209 578 560
1000 2 2 0 1 551 556 398
1001 2 2 0 1 353 552 344
1002 2 2 0 1 372 552 353
1003 2 2 0 1 83 566 555
1004 2 2 0 1 209 560 199
1005 2 2 0 1 361 553 362
1006 2 2 0 1 83 555 82
1007 2 2 0 1 64 580 63
1008 2 2 0 1 509 582 512
1009 2 2 0 1 344 552 171
1010 2 2 0 1 392 678 391
1011 2 2 0 1 387 618 371
1012 2 2 0 1 323 664 376
1013 2 2 0 1 506 582 505
1014 2 2 0 1 390 664 389
1015 2 2 0 1 59 577 176
1016 2 2 0 1 77 544 9
1017 2 2 0 1 4 543 54
1018 2 2 0 1 364 622 385
1019 2 2 0 1 157 577 60
1020 2 2 0 1 176 559 58
1021 2 2 0 1 310 665 385
1022 2 2 0 1 216 581 280
1023 2 2 0 1 502 585 507
1024 2 2 0 1 499 585 498
1025 2 2 0 1 370 679 394
1026 2 2 0 1 365 612 366
1027 2 2 0 1 127 557 190
1028 2 2 0 1 222 584 281
1029 2 2 0 1 495 588 500
1030 2 2 0 1 492 588 491
1031 2 2 0 1 280 583 218
1032 2 2 0 1 228 587 282
1033 2 2 0 1 281 586 224
1034 2 2 0 1 376 667 191
1035 2 2 0 1 381 660 382
1036 2 2 0 1 282 589 230
1037 2 2 0 1 234 590 283
1038 2 2 0 1 488 591 493
1039 2 2 0 1 543 562 182
1040 2 2 0 1 485 591 484
1041 2 2 0 1 283 592 236
1042 2 2 0 1 240 593 284
1043 2 2 0 1 481 594 486
1044 2 2 0 1 478 594 477
1045 2 2 0 1 119 595 180
1046 2 2 0 1 284 596 242
1047 2 2 0 1 246 597 285
1048 2 2 0 1 474 598 479
1049 2 2 0 1 471 598 470
1050 2 2 0 1 394 679 352
1051 2 2 0 1 285 599 248
1052 2 2 0 1 252 600 286
1053 2 2 0 1 195 560 554
1054 2 2 0 1 467 601 472
1055 2 2 0 1 465 601 464
1056 2 2 0 1 256 602 302
1057 2 2 0 1 286 602 254
1058 2 2 0 1 463 603 465
1059 2 2 0 1 460 603 458
1060 2 2 0 1 302 605 258
1061 2 2 0 1 262 606 287
1062 2 2 0 1 523 607 524
1063 2 2 0 1 462 607 461
1064 2 2 0 1 287 608 264
1065 2 2 0 1 268 609 288
1066 2 2 0 1 516 611 522
1067 2 2 0 1 517 611 514
1068 2 2 0 1 573 663 428
1069 2 2 0 1 288 613 270
1070 2 2 0 1 274 614 289
1071 2 2 0 1 560 578 374
1072 2 2 0 1 352 618 350
1073 2 2 0 1 519 615 518
1074 2 2 0 1 54 543 182
1075 2 2 0 1 181 544 77
1076 2 2 0 1 199 560 195
1077 2 2 0 1 180 616 118
1078 2 2 0 1 117 616 145
1079 2 2 0 1 564 636 454
1080 2 2 0 1 383 617 319
1081 2 2 0 1 563 633 448
1082 2 2 0 1 271 563 292
1083 2 2 0 1 382 660 635
1084 2 2 0 1 364 665 361
1085 2 2 0 1 207 637 390
1086 2 2 0 1 265 564 293
1087 2 2 0 1 547 581 214
1088 2 2 0 1 259 565 294
1089 2 2 0 1 577 604 397
1090 2 2 0 1 368 620 341
1091 2 2 0 1 336 569 396
1092 2 2 0 1 530 673 549
1093 2 2 0 1 328 626 329
1094 2 2 0 1 376 669 324
1095 2 2 0 1 626 628 329
1096 2 2 0 1 249 567 295
1097 2 2 0 1 124 568 123
1098 2 2 0 1 308 576 545
1099 2 2 0 1 84 566 83
1100 2 2 0 1 332 648 539
1101 2 2 0 1 321 637 198
1102 2 2 0 1 243 570 296
1103 2 2 0 1 387 681 358
1104 2 2 0 1 447 624 448
1105 2 2 0 1 453 627 454
1106 2 2 0 1 361 665 553
1107 2 2 0 1 237 571 298
1108 2 2 0 1 456 628 444
1109 2 2 0 1 329 629 531
1110 2 2 0 1 204 630 122
1111 2 2 0 1 441 631 443
1112 2 2 0 1 581 621 512
1113 2 2 0 1 290 633 275
1114 2 2 0 1 454 634 452
1115 2 2 0 1 292 636 269
1116 2 2 0 1 403 638 404
1117 2 2 0 1 443 639 442
1118 2 2 0 1 433 644 434
1119 2 2 0 1 263 640 261
1120 2 2 0 1 409 641 410
1121 2 2 0 1 427 652 428
1122 2 2 0 1 231 572 299
1123 2 2 0 1 415 646 416
1124 2 2 0 1 443 640 639
1125 2 2 0 1 402 645 436
1126 2 2 0 1 421 650 422
1127 2 2 0 1 408 651 406
1128 2 2 0 1 414 654 412
1129 2 2 0 1 624 634 292
1130 2 2 0 1 420 655 418
1131 2 2 0 1 392 625 156
1132 2 2 0 1 426 658 424
1133 2 2 0 1 169 659 333
1134 2 2 0 1 205 619 308
1135 2 2 0 1 448 632 446
1136 2 2 0 1 223 657 221
1137 2 2 0 1 299 663 229
1138 2 2 0 1 294 642 536
1139 2 2 0 1 225 573 297
1140 2 2 0 1 642 643 536
1141 2 2 0 1 536 643 304
1142 2 2 0 1 627 639 293
1143 2 2 0 1 253 647 251
1144 2 2 0 1 546 648 332
1145 2 2 0 1 549 673 159
1146 2 2 0 1 73 622 177
1147 2 2 0 1 11 670 1
1148 2 2 0 1 1 670 128
1149 2 2 0 1 631 642 294
1150 2 2 0 1 247 653 245
1151 2 2 0 1 201 671 322
1152 2 2 0 1 315 612 202
1153 2 2 0 1 163 579 537
1154 2 2 0 1 541 681 355
1155 2 2 0 1 219 574 291
1156 2 2 0 1 72 575 71
1157 2 2 0 1 388 648 355
1158 2 2 0 1 241 656 239
1159 2 2 0 1 165 659 164
1160 2 2 0 1 6 620 61
1161 2 2 0 1 561 569 336
1162 2 2 0 1 658 663 299
1163 2 2 0 1 235 661 233
1164 2 2 0 1 160 667 165
1165 2 2 0 1 70 625 7
1166 2 2 0 1 2 672 120
1167 2 2 0 1 121 672 2
1168 2 2 0 1 432 662 430
1169 2 2 0 1 558 674 190
1170 2 2 0 1 382 635 548
1171 2 2 0 1 388 681 387
1172 2 2 0 1 649 671 203
1173 2 2 0 1 561 682 311
1174 2 2 0 1 511 623 135
1175 2 2 0 1 400 674 549
1176 2 2 0 1 191 667 155
1177 2 2 0 1 549 674 327
1178 2 2 0 1 528 683 317
1179 2 2 0 1 610 660 381
1180 2 2 0 1 546 649 365
1181 2 2 0 1 335 682 336
1182 2 2 0 1 63 580 172
1183 2 2 0 1 362 579 393
1184 2 2 0 1 545 576 309
1185 2 2 0 1 559 561 384
1186 2 2 0 1 448 624 563
1187 2 2 0 1 60 577 59
1188 2 2 0 1 563 624 292
1189 2 2 0 1 454 627 564
1190 2 2 0 1 443 631 565
1191 2 2 0 1 374 578 375
1192 2 2 0 1 564 627 293
1193 2 2 0 1 404 638 567
1194 2 2 0 1 542 578 209
1195 2 2 0 1 410 641 570
1196 2 2 0 1 337 580 338
1197 2 2 0 1 416 646 571
1198 2 2 0 1 565 631 294
1199 2 2 0 1 512 621 511
1200 2 2 0 1 422 650 572
1201 2 2 0 1 428 652 573
1202 2 2 0 1 434 644 574
1203 2 2 0 1 337 680 580
1204 2 2 0 1 580 680 172
1205 2 2 0 1 567 638 295
1206 2 2 0 1 214 581 216
1207 2 2 0 1 579 676 537
1208 2 2 0 1 505 582 509
1209 2 2 0 1 570 641 296
1210 2 2 0 1 342 625 392
1211 2 2 0 1 571 646 298
1212 2 2 0 1 218 583 220
1213 2 2 0 1 572 650 299
1214 2 2 0 1 583 584 220
1215 2 2 0 1 220 584 222
1216 2 2 0 1 498 585 502
1217 2 2 0 1 573 652 297
1218 2 2 0 1 224 586 226
1219 2 2 0 1 586 587 226
1220 2 2 0 1 226 587 228
1221 2 2 0 1 542 610 578
1222 2 2 0 1 491 588 495
1223 2 2 0 1 230 589 232
1224 2 2 0 1 578 610 375
1225 2 2 0 1 589 590 232
1226 2 2 0 1 574 644 291
1227 2 2 0 1 232 590 234
1228 2 2 0 1 484 591 488
1229 2 2 0 1 236 592 238
1230 2 2 0 1 562 682 335
1231 2 2 0 1 592 593 238
1232 2 2 0 1 621 623 511
1233 2 2 0 1 238 593 240
1234 2 2 0 1 477 594 481
1235 2 2 0 1 120 595 119
1236 2 2 0 1 242 596 244
1237 2 2 0 1 596 597 244
1238 2 2 0 1 244 597 246
1239 2 2 0 1 470 598 474
1240 2 2 0 1 397 604 318
1241 2 2 0 1 248 599 250
1242 2 2 0 1 599 600 250
1243 2 2 0 1 250 600 252
1244 2 2 0 1 464 601 467
1245 2 2 0 1 254 602 256
1246 2 2 0 1 458 603 463
1247 2 2 0 1 65 677 64
1248 2 2 0 1 258 605 260
1249 2 2 0 1 605 606 260
1250 2 2 0 1 260 606 262
1251 2 2 0 1 362 676 579
1252 2 2 0 1 524 607 462
1253 2 2 0 1 264 608 266
1254 2 2 0 1 608 609 266
1255 2 2 0 1 266 609 268
1256 2 2 0 1 514 611 516
1257 2 2 0 1 270 613 272
1258 2 2 0 1 613 614 272
1259 2 2 0 1 272 614 274
1260 2 2 0 1 527 615 519
1261 2 2 0 1 118 616 117
1262 2 2 0 1 319 617 330
1263 2 2 0 1 604 619 318
1264 2 2 0 1 305 610 542
1265 2 2 0 1 202 612 203
1266 2 2 0 1 350 618 358
1267 2 2 0 1 318 619 205
1268 2 2 0 1 305 660 610
1269 2 2 0 1 575 678 156
1270 2 2 0 1 61 620 157
1271 2 2 0 1 74 622 73
1272 2 2 0 1 352 679 618
1273 2 2 0 1 539 648 388
1274 2 2 0 1 450 624 447
1275 2 2 0 1 168 626 528
1276 2 2 0 1 200 675 331
1277 2 2 0 1 534 627 453
1278 2 2 0 1 168 628 626
1279 2 2 0 1 446 632 456
1280 2 2 0 1 444 628 168
1281 2 2 0 1 450 634 624
1282 2 2 0 1 198 637 207
1283 2 2 0 1 531 629 290
1284 2 2 0 1 122 630 121
1285 2 2 0 1 439 631 441
1286 2 2 0 1 275 633 273
1287 2 2 0 1 534 639 627
1288 2 2 0 1 156 625 70
1289 2 2 0 1 452 634 450
1290 2 2 0 1 269 636 267
1291 2 2 0 1 439 642 631
1292 2 2 0 1 406 638 403
1293 2 2 0 1 129 677 65
1294 2 2 0 1 442 639 534
1295 2 2 0 1 434 662 432
1296 2 2 0 1 293 640 263
1297 2 2 0 1 389 664 323
1298 2 2 0 1 576 680 337
1299 2 2 0 1 639 640 293
1300 2 2 0 1 325 621 547
1301 2 2 0 1 412 641 409
1302 2 2 0 1 304 647 253
1303 2 2 0 1 437 642 439
1304 2 2 0 1 437 643 642
1305 2 2 0 1 436 643 437
1306 2 2 0 1 295 653 247
1307 2 2 0 1 404 645 402
1308 2 2 0 1 418 646 415
1309 2 2 0 1 296 656 241
1310 2 2 0 1 326 623 325
1311 2 2 0 1 298 661 235
1312 2 2 0 1 291 635 540
1313 2 2 0 1 424 650 421
1314 2 2 0 1 410 651 408
1315 2 2 0 1 430 652 427
1316 2 2 0 1 164 659 169
1317 2 2 0 1 416 654 414
1318 2 2 0 1 422 655 420
1319 2 2 0 1 297 657 223
1320 2 2 0 1 428 658 426
1321 2 2 0 1 128 670 557
1322 2 2 0 1 558 683 328
1323 2 2 0 1 325 623 621
1324 2 2 0 1 229 663 227
1325 2 2 0 1 332 649 546
1326 2 2 0 1 391 678 363
1327 2 2 0 1 355 648 546
1328 2 2 0 1 540 660 305
1329 2 2 0 1 635 660 540
1330 2 2 0 1 159 673 568
1331 2 2 0 1 548 644 433
1332 2 2 0 1 333 668 200
1333 2 2 0 1 428 663 658
1334 2 2 0 1 324 669 326
1335 2 2 0 1 155 667 160
1336 2 2 0 1 317 670 11
1337 2 2 0 1 203 671 201
1338 2 2 0 1 339 673 530
1339 2 2 0 1 190 674 400
1340 2 2 0 1 371 679 370
1341 2 2 0 1 172 680 367
1342 2 2 0 1 311 682 562
1343 2 2 0 1 363 678 575
1344 2 2 0 1 358 681 541
1345 2 2 0 1 537 676 181
1346 2 2 0 1 557 670 317
1347 2 2 0 1 556 668 321
1348 2 2 0 1 181 676 553
1349 2 2 0 1 553 676 362
1350 2 2 0 1 568 673 339
1351 2 2 0 1 322 675 556
1352 2 2 0 1 336 682 561
1353 2 2 0 1 668 675 200
1354 2 2 0 1 556 675 668
1355 2 2 0 1 367 680 576
1356 2 2 0 1 456 632 629
1357 2 2 0 1 629 632 290
1358 2 2 0 1 618 679 371
1359 2 2 0 1 645 647 304
1360 2 2 0 1 120 672 595
1361 2 2 0 1 657 662 434
1362 2 2 0 1 651 653 295
1363 2 2 0 1 404 647 645
1364 2 2 0 1 654 656 296
1365 2 2 0 1 655 661 298
1366 2 2 0 1 410 653 651
1367 2 2 0 1 416 656 654
1368 2 2 0 1 422 661 655
1369 2 2 0 1 297 662 657
1370 2 2 0 1 666 677 129
1371 2 2 0 1 328 683 626
1372 2 2 0 1 630 672 121
1373 2 2 0 1 338 677 666
1374 2 2 0 1 626 683 528
$EndElements
