$MeshFormat
2.2 0 8
$EndMeshFormat
$Nodes
211
1 0 0 0
2 0 18 0
3 7.2 18 0
4 7.2 0 0
5 0.3 0 0
6 0.3 4.4 0
7 0.3 4.6 0
8 0.3 9.9 0
9 0.3 10.1 0
10 0.3 14.5 0
11 3.45 14.5 0
12 3.45 10.1 0
13 3.45 9.9 0
14 3.45 4.6 0
15 3.45 4.4 0
16 3.45 0 0
17 3.75 0 0
18 3.75 4.4 0
19 3.75 4.6 0
20 3.75 9.9 0
21 3.75 10.1 0
22 3.75 14.5 0
23 6.9 14.5 0
24 6.9 10.1 0
25 6.9 9.9 0
26 6.9 4.6 0
27 6.9 4.4 0
28 6.9 0 0
29 2.3 18 0
30 2.3 21 0
31 4.9 21 0
32 4.9 18 0
33 0 0.9999999999974016 0
34 0 1.999999999995651 0
35 0 2.999999999992208 0
36 0 3.99999999998815 0
37 0 4.999999999984091 0
38 0 5.999999999980033 0
39 0 6.999999999975973 0
40 0 7.999999999971914 0
41 0 8.999999999968201 0
42 0 9.999999999973662 0
43 0 10.99999999997947 0
44 0 11.99999999998528 0
45 0 12.99999999999108 0
46 0 13.99999999999689 0
47 0 15.00000000000269 0
48 0 16.00000000000796 0
49 0 17.00000000000406 0
50 0.7666666666647619 18 0
51 1.533333333331353 18 0
52 2.3 19 0
53 2.3 20 0
54 3.166666666664756 21 0
55 4.033333333331308 21 0
56 4.9 20 0
57 4.9 19 0
58 5.666666666664758 18 0
59 6.43333333333154 18 0
60 7.2 17.00000000000382 0
61 7.2 16.00000000000763 0
62 7.2 15.00000000001145 0
63 7.2 14.00000000001526 0
64 7.2 13.00000000001908 0
65 7.2 12.00000000002289 0
66 7.2 11.00000000002671 0
67 7.2 10.00000000003052 0
68 7.2 9.000000000033991 0
69 7.2 8.000000000028287 0
70 7.2 7.000000000022235 0
71 7.2 6.000000000016188 0
72 7.2 5.000000000010136 0
73 7.2 4.000000000004086 0
74 7.2 2.999999999998035 0
75 7.2 1.999999999992525 0
76 7.2 0.9999999999961844 0
77 6.9 0.8799999999980576 0
78 6.9 1.759999999995267 0
79 6.9 2.639999999995219 0
80 6.9 3.519999999997523 0
81 6.11250000000256 4.4 0
82 5.325000000004424 4.4 0
83 4.537500000002124 4.4 0
84 3.75 3.52000000000151 0
85 3.75 2.640000000004599 0
86 3.75 1.76000000000465 0
87 3.75 0.8800000000024117 0
88 3.45 0.8799999999980576 0
89 3.45 1.759999999995267 0
90 3.45 2.639999999995219 0
91 3.45 3.519999999997523 0
92 2.662500000001693 4.4 0
93 1.875000000003906 4.4 0
94 1.087500000001954 4.4 0
95 0.3 3.52000000000151 0
96 0.3 2.640000000004599 0
97 0.3 1.76000000000465 0
98 0.3 0.8800000000024117 0
99 1.087499999998242 4.6 0
100 1.874999999995704 4.6 0
101 2.662499999997894 4.6 0
102 0.3 5.483333333331425 0
103 0.3 6.366666666663198 0
104 0.3 7.249999999994275 0
105 0.3 8.133333333330095 0
106 0.3 9.016666666664875 0
107 3.45 5.483333333331425 0
108 3.45 6.366666666663198 0
109 3.45 7.249999999994275 0
110 3.45 8.133333333330095 0
111 3.45 9.016666666664875 0
112 3.75 5.483333333331425 0
113 3.75 6.366666666663198 0
114 3.75 7.249999999994275 0
115 3.75 8.133333333330095 0
116 3.75 9.016666666664875 0
117 1.087499999998242 9.9 0
118 1.874999999995704 9.9 0
119 2.662499999997894 9.9 0
120 4.537499999998005 9.9 0
121 5.324999999996011 9.9 0
122 6.11249999999818 9.9 0
123 6.9 9.016666666669847 0
124 6.9 8.13333333334004 0
125 6.9 7.250000000007805 0
126 6.9 6.366666666671524 0
127 6.9 5.483333333336051 0
128 4.537499999998005 4.6 0
129 5.324999999996011 4.6 0
130 6.11249999999818 4.6 0
131 0.3 10.97999999999632 0
132 0.3 11.85999999999271 0
133 0.3 12.73999999999271 0
134 0.3 13.61999999999632 0
135 1.087499999998242 14.5 0
136 1.874999999995704 14.5 0
137 2.662499999997894 14.5 0
138 3.45 13.62000000000201 0
139 3.45 12.74000000000299 0
140 3.45 11.86000000000326 0
141 3.45 10.9800000000009 0
142 2.662500000001693 10.1 0
143 1.875000000003906 10.1 0
144 1.087500000001954 10.1 0
145 4.537499999998005 14.5 0
146 5.324999999996011 14.5 0
147 6.11249999999818 14.5 0
148 6.9 13.62000000000201 0
149 6.9 12.74000000000299 0
150 6.9 11.86000000000326 0
151 6.9 10.9800000000009 0
152 6.11250000000256 10.1 0
153 5.325000000004424 10.1 0
154 4.537500000002124 10.1 0
155 3.75 10.97999999999632 0
156 3.75 11.85999999999271 0
157 3.75 12.73999999999271 0
158 3.75 13.61999999999632 0
159 4.224022575497765 15.05026324099228 0
160 5.277797723865474 17.34874540791724 0
161 4.532435400653127 17.35016657470441 0
162 1.916666666665677 17.33604719043111 0
163 3.00462936491306 15.09053505080818 0
164 5.796287762253368 15.17249471952739 0
165 1.387413350842964 15.20449856719895 0
166 2.584777666518563 17.28890408507093 0
167 4.163849792910861 17.996192503572 0
168 4.900358271761547 16.74457428681703 0
169 4.168871101272214 16.71329914987596 0
170 2.223320948754229 16.6059648170789 0
171 5.633201394384034 16.69169586224945 0
172 3.599999999998035 20.24944465005436 0
173 1.537078227661373 16.61853070301174 0
174 4.599945503400343 16.11436339779659 0
175 3.819400560137515 16.13482011648816 0
176 2.994338678847307 18.5302828992478 0
177 3.451029987107104 16.69847810817662 0
178 3.154446431263366 16.11040140502357 0
179 4.962007109833358 15.09499179253385 0
180 3.599999999999999 15.02272504072187 0
181 6.52086267418399 15.52146016449634 0
182 0.6791044291830739 15.5145147508852 0
183 1.898171338498669 15.91892203280043 0
184 5.198511330608359 15.68647708466788 0
185 2.224222254171776 15.16305106068537 0
186 6.01904054244056 17.29833632323191 0
187 1.171124449075793 17.28227254638364 0
188 3.837619282083888 17.32322777247558 0
189 3.19118470941228 19.50593550767254 0
190 3.902825946532285 18.85982467260713 0
191 6.453116444116897 16.53674686125362 0
192 0.7379084943856925 16.51951753135469 0
193 5.809671294804481 15.9848852391231 0
194 4.091912503426943 15.59387525566419 0
195 3.467579359374743 17.94457912064612 0
196 2.641500392590001 15.83939229079195 0
197 3.442414767539338 15.60981883672279 0
198 1.247935168114354 15.9551967170502 0
199 6.505930087287108 14.93879097680704 0
200 0.6908035560048561 14.94380266361737 0
201 2.870069948941543 16.5949604080765 0
202 4.131194095393207 19.66080451890853 0
203 6.684365669313518 17.39856923536457 0
204 0.5053204937581741 17.4064765103421 0
205 2.906942391117395 17.82632650903038 0
206 3.21357575935123 17.25846826429045 0
207 4.48155409126295 18.47428878146056 0
208 4.650159831965254 15.5682163525595 0
209 4.31290548574451 20.38204983379258 0
210 2.911570275215015 20.35107603154538 0
211 5.241910099867749 16.27184614641478 0
$EndNodes
$Elements
460
1 15 2 0 1 1
2 15 2 0 2 2
3 15 2 0 3 3
4 15 2 0 4 4
5 15 2 0 5 5
6 15 2 0 6 6
7 15 2 0 7 7
8 15 2 0 8 8
9 15 2 0 9 9
10 15 2 0 10 10
11 15 2 0 11 11
12 15 2 0 12 12
13 15 2 0 13 13
14 15 2 0 14 14
15 15 2 0 15 15
16 15 2 0 16 16
17 15 2 0 17 17
18 15 2 0 18 18
19 15 2 0 19 19
20 15 2 0 20 20
21 15 2 0 21 21
22 15 2 0 22 22
23 15 2 0 23 23
24 15 2 0 24 24
25 15 2 0 25 25
26 15 2 0 26 26
27 15 2 0 27 27
28 15 2 0 28 28
29 15 2 0 29 29
30 15 2 0 30 30
31 15 2 0 31 31
32 15 2 0 32 32
33 1 2 0 1 1 33
34 1 2 0 1 33 34
35 1 2 0 1 34 35
36 1 2 0 1 35 36
37 1 2 0 1 36 37
38 1 2 0 1 37 38
39 1 2 0 1 38 39
40 1 2 0 1 39 40
41 1 2 0 1 40 41
42 1 2 0 1 41 42
43 1 2 0 1 42 43
44 1 2 0 1 43 44
45 1 2 0 1 44 45
46 1 2 0 1 45 46
47 1 2 0 1 46 47
48 1 2 0 1 47 48
49 1 2 0 1 48 49
50 1 2 0 1 49 2
51 1 2 0 2 2 50
52 1 2 0 2 50 51
53 1 2 0 2 51 29
54 1 2 0 3 29 52
55 1 2 0 3 52 53
56 1 2 0 3 53 30
57 1 2 0 4 30 54
58 1 2 0 4 54 55
59 1 2 0 4 55 31
60 1 2 0 5 31 56
61 1 2 0 5 56 57
62 1 2 0 5 57 32
63 1 2 0 6 32 58
64 1 2 0 6 58 59
65 1 2 0 6 59 3
66 1 2 0 7 3 60
67 1 2 0 7 60 61
68 1 2 0 7 61 62
69 1 2 0 7 62 63
70 1 2 0 7 63 64
71 1 2 0 7 64 65
72 1 2 0 7 65 66
73 1 2 0 7 66 67
74 1 2 0 7 67 68
75 1 2 0 7 68 69
76 1 2 0 7 69 70
77 1 2 0 7 70 71
78 1 2 0 7 71 72
79 1 2 0 7 72 73
80 1 2 0 7 73 74
81 1 2 0 7 74 75
82 1 2 0 7 75 76
83 1 2 0 7 76 4
84 1 2 0 8 4 28
85 1 2 0 9 28 77
86 1 2 0 9 77 78
87 1 2 0 9 78 79
88 1 2 0 9 79 80
89 1 2 0 9 80 27
90 1 2 0 10 27 81
91 1 2 0 10 81 82
92 1 2 0 10 82 83
93 1 2 0 10 83 18
94 1 2 0 11 18 84
95 1 2 0 11 84 85
96 1 2 0 11 85 86
97 1 2 0 11 86 87
98 1 2 0 11 87 17
99 1 2 0 12 17 16
100 1 2 0 13 16 88
101 1 2 0 13 88 89
102 1 2 0 13 89 90
103 1 2 0 13 90 91
104 1 2 0 13 91 15
105 1 2 0 14 15 92
106 1 2 0 14 92 93
107 1 2 0 14 93 94
108 1 2 0 14 94 6
109 1 2 0 15 6 95
110 1 2 0 15 95 96
111 1 2 0 15 96 97
112 1 2 0 15 97 98
113 1 2 0 15 98 5
114 1 2 0 16 5 1
115 1 2 0 17 7 99
116 1 2 0 17 99 100
117 1 2 0 17 100 101
118 1 2 0 17 101 14
119 1 2 0 18 7 102
120 1 2 0 18 102 103
121 1 2 0 18 103 104
122 1 2 0 18 104 105
123 1 2 0 18 105 106
124 1 2 0 18 106 8
125 1 2 0 19 14 107
126 1 2 0 19 107 108
127 1 2 0 19 108 109
128 1 2 0 19 109 110
129 1 2 0 19 110 111
130 1 2 0 19 111 13
131 1 2 0 20 19 112
132 1 2 0 20 112 113
133 1 2 0 20 113 114
134 1 2 0 20 114 115
135 1 2 0 20 115 116
136 1 2 0 20 116 20
137 1 2 0 21 8 117
138 1 2 0 21 117 118
139 1 2 0 21 118 119
140 1 2 0 21 119 13
141 1 2 0 22 20 120
142 1 2 0 22 120 121
143 1 2 0 22 121 122
144 1 2 0 22 122 25
145 1 2 0 23 25 123
146 1 2 0 23 123 124
147 1 2 0 23 124 125
148 1 2 0 23 125 126
149 1 2 0 23 126 127
150 1 2 0 23 127 26
151 1 2 0 24 19 128
152 1 2 0 24 128 129
153 1 2 0 24 129 130
154 1 2 0 24 130 26
155 1 2 0 25 9 131
156 1 2 0 25 131 132
157 1 2 0 25 132 133
158 1 2 0 25 133 134
159 1 2 0 25 134 10
160 1 2 0 26 10 135
161 1 2 0 26 135 136
162 1 2 0 26 136 137
163 1 2 0 26 137 11
164 1 2 0 27 11 138
165 1 2 0 27 138 139
166 1 2 0 27 139 140
167 1 2 0 27 140 141
168 1 2 0 27 141 12
169 1 2 0 28 12 142
170 1 2 0 28 142 143
171 1 2 0 28 143 144
172 1 2 0 28 144 9
173 1 2 0 29 22 145
174 1 2 0 29 145 146
175 1 2 0 29 146 147
176 1 2 0 29 147 23
177 1 2 0 30 23 148
178 1 2 0 30 148 149
179 1 2 0 30 149 150
180 1 2 0 30 150 151
181 1 2 0 30 151 24
182 1 2 0 31 24 152
183 1 2 0 31 152 153
184 1 2 0 31 153 154
185 1 2 0 31 154 21
186 1 2 0 32 21 155
187 1 2 0 32 155 156
188 1 2 0 32 156 157
189 1 2 0 32 157 158
190 1 2 0 32 158 22
191 2 2 0 1 27 26 73
192 2 2 0 1 6 37 7
193 2 2 0 1 163 196 197
194 2 2 0 1 145 22 159
195 2 2 0 1 165 183 185
196 2 2 0 1 196 178 197
197 2 2 0 1 187 192 204
198 2 2 0 1 189 172 202
199 2 2 0 1 191 186 203
200 2 2 0 1 159 180 194
201 2 2 0 1 190 189 202
202 2 2 0 1 164 146 179
203 2 2 0 1 61 62 181
204 2 2 0 1 190 167 195
205 2 2 0 1 164 179 184
206 2 2 0 1 47 48 182
207 2 2 0 1 171 186 191
208 2 2 0 1 147 164 199
209 2 2 0 1 165 135 200
210 2 2 0 1 196 170 201
211 2 2 0 1 187 173 192
212 2 2 0 1 11 137 163
213 2 2 0 1 194 180 197
214 2 2 0 1 164 181 199
215 2 2 0 1 183 170 196
216 2 2 0 1 163 185 196
217 2 2 0 1 29 52 176
218 2 2 0 1 182 165 200
219 2 2 0 1 176 190 195
220 2 2 0 1 159 22 180
221 2 2 0 1 185 183 196
222 2 2 0 1 181 62 199
223 2 2 0 1 136 165 185
224 2 2 0 1 47 182 200
225 2 2 0 1 178 196 201
226 2 2 0 1 179 159 208
227 2 2 0 1 192 49 204
228 2 2 0 1 159 194 208
229 2 2 0 1 60 191 203
230 2 2 0 1 32 160 161
231 2 2 0 1 169 168 174
232 2 2 0 1 146 145 179
233 2 2 0 1 32 58 160
234 2 2 0 1 57 32 207
235 2 2 0 1 23 147 199
236 2 2 0 1 176 189 190
237 2 2 0 1 169 174 175
238 2 2 0 1 161 160 168
239 2 2 0 1 135 10 200
240 2 2 0 1 147 146 164
241 2 2 0 1 162 29 166
242 2 2 0 1 162 166 170
243 2 2 0 1 136 135 165
244 2 2 0 1 137 136 185
245 2 2 0 1 51 29 162
246 2 2 0 1 52 53 189
247 2 2 0 1 60 61 191
248 2 2 0 1 177 175 178
249 2 2 0 1 183 165 198
250 2 2 0 1 160 58 186
251 2 2 0 1 161 168 169
252 2 2 0 1 32 161 167
253 2 2 0 1 145 159 179
254 2 2 0 1 173 170 183
255 2 2 0 1 173 183 198
256 2 2 0 1 161 169 188
257 2 2 0 1 48 49 192
258 2 2 0 1 167 161 188
259 2 2 0 1 50 51 187
260 2 2 0 1 169 175 177
261 2 2 0 1 171 191 193
262 2 2 0 1 58 59 186
263 2 2 0 1 11 163 180
264 2 2 0 1 3 60 203
265 2 2 0 1 171 193 211
266 2 2 0 1 51 162 187
267 2 2 0 1 49 2 204
268 2 2 0 1 176 52 189
269 2 2 0 1 169 177 188
270 2 2 0 1 29 176 205
271 2 2 0 1 167 190 207
272 2 2 0 1 171 160 186
273 2 2 0 1 162 170 173
274 2 2 0 1 168 160 171
275 2 2 0 1 184 174 211
276 2 2 0 1 192 173 198
277 2 2 0 1 54 55 172
278 2 2 0 1 22 11 180
279 2 2 0 1 202 172 209
280 2 2 0 1 162 173 187
281 2 2 0 1 174 168 211
282 2 2 0 1 53 30 210
283 2 2 0 1 31 56 209
284 2 2 0 1 184 179 208
285 2 2 0 1 190 57 207
286 2 2 0 1 163 137 185
287 2 2 0 1 181 164 193
288 2 2 0 1 170 166 201
289 2 2 0 1 174 184 208
290 2 2 0 1 189 53 210
291 2 2 0 1 175 174 194
292 2 2 0 1 61 181 191
293 2 2 0 1 201 166 206
294 2 2 0 1 55 31 209
295 2 2 0 1 30 54 210
296 2 2 0 1 59 3 203
297 2 2 0 1 164 184 193
298 2 2 0 1 165 182 198
299 2 2 0 1 57 190 202
300 2 2 0 1 175 194 197
301 2 2 0 1 172 189 210
302 2 2 0 1 2 50 204
303 2 2 0 1 193 184 211
304 2 2 0 1 182 48 192
305 2 2 0 1 180 163 197
306 2 2 0 1 178 175 197
307 2 2 0 1 167 188 195
308 2 2 0 1 191 181 193
309 2 2 0 1 205 195 206
310 2 2 0 1 56 57 202
311 2 2 0 1 62 23 199
312 2 2 0 1 10 47 200
313 2 2 0 1 182 192 198
314 2 2 0 1 166 29 205
315 2 2 0 1 195 188 206
316 2 2 0 1 177 178 201
317 2 2 0 1 177 201 206
318 2 2 0 1 186 59 203
319 2 2 0 1 188 177 206
320 2 2 0 1 166 205 206
321 2 2 0 1 50 187 204
322 2 2 0 1 32 167 207
323 2 2 0 1 54 172 210
324 2 2 0 1 172 55 209
325 2 2 0 1 168 171 211
326 2 2 0 1 56 202 209
327 2 2 0 1 194 174 208
328 2 2 0 1 176 195 205
329 2 2 0 1 20 12 21
330 2 2 0 1 19 18 15
331 2 2 0 1 19 15 14
332 2 2 0 1 20 13 12
333 2 2 0 1 67 25 24
334 2 2 0 1 8 42 9
335 2 2 0 1 98 5 1
336 2 2 0 1 98 1 33
337 2 2 0 1 28 77 4
338 2 2 0 1 77 76 4
339 2 2 0 1 6 7 99
340 2 2 0 1 6 36 37
341 2 2 0 1 6 95 36
342 2 2 0 1 94 6 99
343 2 2 0 1 7 37 102
344 2 2 0 1 117 8 9
345 2 2 0 1 41 42 8
346 2 2 0 1 41 8 106
347 2 2 0 1 42 43 9
348 2 2 0 1 43 131 9
349 2 2 0 1 144 117 9
350 2 2 0 1 46 47 10
351 2 2 0 1 134 46 10
352 2 2 0 1 11 22 138
353 2 2 0 1 13 142 12
354 2 2 0 1 12 155 21
355 2 2 0 1 141 155 12
356 2 2 0 1 20 116 13
357 2 2 0 1 13 116 111
358 2 2 0 1 142 13 119
359 2 2 0 1 15 92 14
360 2 2 0 1 112 19 14
361 2 2 0 1 14 92 101
362 2 2 0 1 112 14 107
363 2 2 0 1 18 84 15
364 2 2 0 1 84 91 15
365 2 2 0 1 17 16 88
366 2 2 0 1 87 17 88
367 2 2 0 1 19 128 18
368 2 2 0 1 128 83 18
369 2 2 0 1 120 20 21
370 2 2 0 1 154 120 21
371 2 2 0 1 22 158 138
372 2 2 0 1 62 63 23
373 2 2 0 1 63 148 23
374 2 2 0 1 24 25 152
375 2 2 0 1 66 67 24
376 2 2 0 1 151 66 24
377 2 2 0 1 25 67 68
378 2 2 0 1 123 25 68
379 2 2 0 1 25 122 152
380 2 2 0 1 81 26 27
381 2 2 0 1 26 72 73
382 2 2 0 1 26 127 72
383 2 2 0 1 130 26 81
384 2 2 0 1 80 27 73
385 2 2 0 1 97 33 34
386 2 2 0 1 97 98 33
387 2 2 0 1 96 34 35
388 2 2 0 1 96 97 34
389 2 2 0 1 95 35 36
390 2 2 0 1 95 96 35
391 2 2 0 1 37 38 102
392 2 2 0 1 38 39 103
393 2 2 0 1 102 38 103
394 2 2 0 1 39 40 104
395 2 2 0 1 103 39 104
396 2 2 0 1 40 41 105
397 2 2 0 1 104 40 105
398 2 2 0 1 105 41 106
399 2 2 0 1 132 43 44
400 2 2 0 1 132 131 43
401 2 2 0 1 133 44 45
402 2 2 0 1 133 132 44
403 2 2 0 1 45 46 134
404 2 2 0 1 133 45 134
405 2 2 0 1 63 64 148
406 2 2 0 1 149 64 65
407 2 2 0 1 64 149 148
408 2 2 0 1 150 65 66
409 2 2 0 1 150 149 65
410 2 2 0 1 151 150 66
411 2 2 0 1 124 68 69
412 2 2 0 1 124 123 68
413 2 2 0 1 125 69 70
414 2 2 0 1 125 124 69
415 2 2 0 1 126 70 71
416 2 2 0 1 126 125 70
417 2 2 0 1 127 71 72
418 2 2 0 1 127 126 71
419 2 2 0 1 80 73 74
420 2 2 0 1 75 79 74
421 2 2 0 1 79 80 74
422 2 2 0 1 76 78 75
423 2 2 0 1 78 79 75
424 2 2 0 1 77 78 76
425 2 2 0 1 82 130 81
426 2 2 0 1 83 129 82
427 2 2 0 1 129 130 82
428 2 2 0 1 128 129 83
429 2 2 0 1 84 85 91
430 2 2 0 1 85 86 90
431 2 2 0 1 91 85 90
432 2 2 0 1 86 87 89
433 2 2 0 1 86 89 90
434 2 2 0 1 89 87 88
435 2 2 0 1 92 93 101
436 2 2 0 1 93 94 100
437 2 2 0 1 93 100 101
438 2 2 0 1 94 99 100
439 2 2 0 1 113 107 108
440 2 2 0 1 113 112 107
441 2 2 0 1 114 108 109
442 2 2 0 1 114 113 108
443 2 2 0 1 115 109 110
444 2 2 0 1 115 114 109
445 2 2 0 1 116 110 111
446 2 2 0 1 116 115 110
447 2 2 0 1 117 144 118
448 2 2 0 1 118 143 119
449 2 2 0 1 144 143 118
450 2 2 0 1 143 142 119
451 2 2 0 1 121 120 154
452 2 2 0 1 122 121 153
453 2 2 0 1 121 154 153
454 2 2 0 1 152 122 153
455 2 2 0 1 158 139 138
456 2 2 0 1 157 140 139
457 2 2 0 1 158 157 139
458 2 2 0 1 156 141 140
459 2 2 0 1 157 156 140
460 2 2 0 1 156 155 141
$EndElements
