$MeshFormat
2.2 0 8
$EndMeshFormat
$Nodes
920
1 2.25 0 0
2 6.75 0 0
3 6.75 20 0
4 9 21.1 0
5 9 22.6 0
6 6.75 23.7 0
7 2.25 23.7 0
8 0 22.6 0
9 0 21.1 0
10 2.25 20 0
11 3.2 23.7 0
12 3.2 26.7 0
13 5.8 26.7 0
14 5.8 23.7 0
15 2.25 0.4444444444441236 0
16 2.25 0.8888888888881092 0
17 2.25 1.333333333332171 0
18 2.25 1.777777777776303 0
19 2.25 2.222222222220434 0
20 2.25 2.666666666664197 0
21 2.25 3.111111111107342 0
22 2.25 3.555555555550487 0
23 2.25 3.999999999993633 0
24 2.25 4.444444444436778 0
25 2.25 4.888888888879923 0
26 2.25 5.333333333323068 0
27 2.25 5.777777777766213 0
28 2.25 6.222222222209358 0
29 2.25 6.666666666652503 0
30 2.25 7.111111111095649 0
31 2.25 7.555555555538795 0
32 2.25 7.999999999982013 0
33 2.25 8.444444444426855 0
34 2.25 8.888888888871977 0
35 2.25 9.333333333317098 0
36 2.25 9.777777777762219 0
37 2.25 10.22222222220734 0
38 2.25 10.66666666665246 0
39 2.25 11.11111111109758 0
40 2.25 11.5555555555427 0
41 2.25 11.99999999998782 0
42 2.25 12.44444444443294 0
43 2.25 12.88888888887807 0
44 2.25 13.33333333332319 0
45 2.25 13.77777777776831 0
46 2.25 14.22222222221343 0
47 2.25 14.66666666665855 0
48 2.25 15.11111111110367 0
49 2.25 15.55555555554879 0
50 2.25 15.99999999999391 0
51 2.25 16.44444444443903 0
52 2.25 16.88888888888415 0
53 2.25 17.33333333332927 0
54 2.25 17.7777777777744 0
55 2.25 18.22222222221952 0
56 2.25 18.66666666666464 0
57 2.25 19.11111111110976 0
58 2.25 19.55555555555488 0
59 1.875000000001064 20.18333333333281 0
60 1.500000000002948 20.36666666666522 0
61 1.125000000003978 20.54999999999806 0
62 0.750000000002091 20.73333333333231 0
63 0.3749999999998941 20.91666666666672 0
64 0 21.475 0
65 0 21.85 0
66 0 22.225 0
67 0.3749999999986663 22.78333333333268 0
68 0.7499999999970727 22.96666666666524 0
69 1.124999999996517 23.1499999999983 0
70 1.49999999999833 23.33333333333252 0
71 1.87500000000018 23.51666666666675 0
72 2.56666666666606 23.7 0
73 2.883333333333102 23.7 0
74 3.2 24.12857142857143 0
75 3.2 24.55714285714286 0
76 3.2 24.98571428571428 0
77 3.2 25.41428571428571 0
78 3.2 25.84285714285714 0
79 3.2 26.27142857142857 0
80 3.633333333332525 26.7 0
81 4.066666666664817 26.7 0
82 4.499999999995838 26.7 0
83 4.933333333330963 26.7 0
84 5.366666666665106 26.7 0
85 5.8 26.27142857142857 0
86 5.8 25.84285714285714 0
87 5.8 25.41428571428572 0
88 5.8 24.98571428571429 0
89 5.8 24.55714285714286 0
90 5.8 24.12857142857143 0
91 6.116666666665395 23.7 0
92 6.433333333331483 23.7 0
93 7.124999999999818 23.51666666666675 0
94 7.49999999999927 23.33333333333369 0
95 7.874999999999178 23.1500000000004 0
96 8.249999999999634 22.96666666666685 0
97 8.624999999999634 22.78333333333351 0
98 9 22.225 0
99 9 21.85 0
100 9 21.475 0
101 8.624999999999908 20.91666666666662 0
102 8.250000000000638 20.73333333333365 0
103 7.875000000000547 20.55000000000027 0
104 7.500000000000457 20.36666666666689 0
105 7.125000000000092 20.18333333333338 0
106 6.75 19.55555555555556 0
107 6.75 19.11111111111111 0
108 6.75 18.66666666666667 0
109 6.75 18.22222222222223 0
110 6.75 17.77777777777779 0
111 6.75 17.33333333333334 0
112 6.75 16.8888888888889 0
113 6.75 16.44444444444445 0
114 6.75 16.00000000000001 0
115 6.75 15.55555555555557 0
116 6.75 15.11111111111112 0
117 6.75 14.66666666666668 0
118 6.75 14.22222222222224 0
119 6.75 13.7777777777778 0
120 6.75 13.33333333333335 0
121 6.75 12.88888888888891 0
122 6.75 12.44444444444447 0
123 6.75 12.00000000000002 0
124 6.75 11.55555555555558 0
125 6.75 11.11111111111113 0
126 6.75 10.66666666666669 0
127 6.75 10.22222222222224 0
128 6.75 9.777777777777795 0
129 6.75 9.33333333333335 0
130 6.75 8.888888888888903 0
131 6.75 8.444444444444459 0
132 6.75 8.000000000000014 0
133 6.75 7.555555555555568 0
134 6.75 7.111111111111123 0
135 6.75 6.666666666666679 0
136 6.75 6.222222222222234 0
137 6.75 5.777777777777789 0
138 6.75 5.333333333333343 0
139 6.75 4.888888888888898 0
140 6.75 4.444444444444454 0
141 6.75 4.000000000000007 0
142 6.75 3.555555555555564 0
143 6.75 3.111111111111118 0
144 6.75 2.666666666666671 0
145 6.75 2.222222222222229 0
146 6.75 1.777777777777779 0
147 6.75 1.333333333333336 0
148 6.75 0.8888888888888893 0
149 6.75 0.4444444444444464 0
150 6.300000000001215 0 0
151 5.850000000002431 0 0
152 5.400000000003644 0 0
153 4.950000000004859 0 0
154 4.500000000006072 0 0
155 4.050000000007286 0 0
156 3.600000000004649 0 0
157 3.150000000001423 0 0
158 2.699999999998786 0 0
159 5.959550314382835 23.42331703414784 0
160 3.041903037863303 23.42499438689891 0
161 6.371566692906402 19.76543104619355 0
162 2.627756102250112 2.905636893952458 0
163 2.634900178901193 4.222222222860577 0
164 2.634900185254585 5.555555550632961 0
165 2.634900186386655 6.888888905794315 0
166 2.634900172069125 8.222222215428136 0
167 6.339942203803449 18.44712979589834 0
168 6.394266055471554 17.11653539549092 0
169 6.343138163649499 15.83009421238416 0
170 6.36509259920235 14.44442917845269 0
171 6.365099820540251 13.11111111111113 0
172 6.365098069579838 11.77777741494023 0
173 6.387588566544872 10.45251694795705 0
174 5.636821039196147 23.42270817145386 0
175 5.799887362290635 23.14207532372245 0
176 5.470708121399076 23.1408067950758 0
177 6.370141301185101 9.13727336988779 0
178 5.637863505919364 22.85361872668776 0
179 5.300340479023321 22.85223645579251 0
180 2.622796274641279 19.77645975827425 0
181 2.615070070459694 20.20413892682958 0
182 6.381304940737302 7.359953192515645 0
183 6.383575365006791 6.025393769929483 0
184 6.385234302463473 4.691733441040218 0
185 6.386946363343387 3.358014090148149 0
186 2.634900508693705 9.999999644750677 0
187 2.63490165039695 11.33333188576902 0
188 2.634905549520165 12.66666182084711 0
189 2.634918235250318 13.99998375344711 0
190 2.634960767077521 15.33327867823024 0
191 2.63510457178287 16.66662494142639 0
192 2.634779150478537 18.00025036942955 0
193 4.724410938449739 0.3491606792436477 0
194 5.472913503525191 22.5591437986403 0
195 5.129409297757046 22.5582679460806 0
196 2.988247805689133 19.99005975464899 0
197 2.983450272767768 20.41038822925053 0
198 5.302811772536352 22.25656355207395 0
199 4.946989356449579 22.25504525839704 0
200 3.35864636767232 20.19939580999358 0
201 5.654749993147066 22.25916165827856 0
202 5.128053665509626 21.94421554811798 0
203 1.860027150870629 23.14277293716851 0
204 6.376426013015633 2.023768932680852 0
205 7.543076710156189 20.76903868759626 0
206 5.140160291889238 23.13285477657607 0
207 3.355590335862949 19.77956612853004 0
208 3.730208812682055 19.99150152540963 0
209 3.723819250271916 19.56900994904313 0
210 4.767302078455431 21.94310566019781 0
211 4.949226215279921 21.62456841111169 0
212 2.628067751994561 1.573928528317567 0
213 1.45393202450175 20.76477311822594 0
214 3.363467971414817 23.41357722356412 0
215 3.200628787104393 23.14083760650316 0
216 7.485675513669788 22.94265614957464 0
217 4.094175786264239 19.78325327539776 0
218 4.09215652323336 19.3573324224844 0
219 3.592502355635127 24.74251669634134 0
220 6.424436709745745 20.25538602148686 0
221 3.358084574668791 20.61409512330416 0
222 2.996453090281912 20.82224745583285 0
223 3.527481137536223 23.13939561214086 0
224 3.363536754148598 22.85062096865517 0
225 3.690345189528249 23.41437538939732 0
226 3.349236817688098 21.02191646519612 0
227 3.006141849271982 21.22419862102201 0
228 5.984740987830078 20.00128447517799 0
229 5.428846255520957 25.20000000000002 0
230 1.072281500378111 22.75289745194478 0
231 3.810484693408545 0.4214329566119045 0
232 2.63490023343354 9.11111097859774 0
233 5.422674121151264 24.35738717438682 0
234 6.370439724767859 8.248842104313276 0
235 5.320113314408019 21.6294271975989 0
236 5.13706010353342 21.30182699413066 0
237 3.857668195005668 23.14038039783593 0
238 4.019837516296799 23.43118975008775 0
239 5.624999182822648 0.3876984067967792 0
240 4.293821738482403 26.27182504480336 0
241 6.126082065305432 23.15713918759731 0
242 3.347835850174853 21.42126021586896 0
243 3.017314428356415 21.6061327160291 0
244 8.281392612279129 21.13472283444095 0
245 0.6946985421408549 21.12212741796159 0
246 3.726487957324554 20.81900854923013 0
247 3.024008120112754 22.85458815852544 0
248 4.458933573403171 19.57256398517725 0
249 4.462287643649073 19.14373965684083 0
250 4.091152322468915 18.92715387437977 0
251 4.460246261718745 18.72111521987655 0
252 4.090534587450159 18.49582674876753 0
253 4.463537016055803 18.27863267795903 0
254 4.099884893192064 18.05803665498099 0
255 4.468836142778489 17.83183227943638 0
256 4.101420109553173 17.61540763207459 0
257 4.459327373030127 17.40483636865586 0
258 4.093188749639742 17.17784278646326 0
259 4.52894745688232 16.95981996295848 0
260 4.11367802255044 16.73581300790181 0
261 4.478646791916049 16.51335756188066 0
262 4.108589232966822 16.29064274848679 0
263 4.481198096799632 16.07018398007965 0
264 4.100719144586948 15.84837157268968 0
265 4.481683834161115 15.62680013584055 0
266 4.109814064850006 15.4049001883089 0
267 4.486304850402513 15.1830278782159 0
268 4.112347128280878 14.95947172709588 0
269 4.481783879486725 14.73872049402525 0
270 4.104708591417262 14.5162622181765 0
271 4.488551464057918 14.2944672520508 0
272 4.114574773837431 14.07221176637312 0
273 4.48488645527603 13.85040250962649 0
274 4.116103274308812 13.62674224188612 0
275 4.485425067732956 13.40591625513553 0
276 4.109386860170111 13.18305825091115 0
277 4.489948204405758 12.96152843858533 0
278 4.118596364904965 12.73882220487827 0
279 4.489006414994085 12.51726725800626 0
280 4.120674005862045 12.29354910852525 0
281 4.490111890662603 12.07273572381671 0
282 4.114427243100277 11.84952990497899 0
283 4.495208743790585 11.62829699388348 0
284 4.123338374820525 11.40520305800164 0
285 4.493888605844097 11.18394943734251 0
286 4.125496548400679 10.96020941618763 0
287 4.503462328087221 10.73952559289381 0
288 4.120967674294278 10.51591501524993 0
289 4.505331204383433 10.29499569585967 0
290 4.129144439170378 10.07151782297532 0
291 4.508556503437378 9.850724692009766 0
292 4.13212907039777 9.62685109491488 0
293 4.510753978797234 9.40616868627801 0
294 4.126843405840959 9.182324202526601 0
295 4.511475603712801 8.961695642808648 0
296 4.127318459171552 8.737864771626816 0
297 4.512986239857291 8.517247584904556 0
298 4.135621901469206 8.293448553954519 0
299 4.515858060937388 8.072810366641281 0
300 4.138720322932872 7.849013048964478 0
301 4.517983458225584 7.628424173381018 0
302 4.140502697534842 7.404581343181733 0
303 4.52005371166316 7.184101524558223 0
304 4.13806165721112 6.960122091261244 0
305 4.521258813533251 6.739624779618509 0
306 4.143248659439423 6.515711865502695 0
307 4.523588233420684 6.295110527839515 0
308 4.145413340085908 6.07126281857529 0
309 4.525703695788168 5.850723482020024 0
310 4.143346074748999 5.626797493414237 0
311 4.526736812176336 5.406253459173781 0
312 4.148264340666897 5.18237958377625 0
313 4.528805104746717 4.961794722403834 0
314 4.150341055529639 4.737938440901877 0
315 4.531001434695416 4.51745315714156 0
316 4.14861621621001 4.293476403106276 0
317 4.532357807651994 4.072969045746342 0
318 4.153287832967171 3.84904203118852 0
319 4.53433194375674 3.628405102600356 0
320 4.150342143131368 3.404510265950641 0
321 4.535587516635727 3.183883145316629 0
322 4.151127438602702 2.959935718773938 0
323 4.537333287011722 2.73916848696995 0
324 4.152592297394699 2.515077866778814 0
325 4.538985768425571 2.294169960438409 0
326 4.154327783408949 2.0697357009381 0
327 4.823633616968959 18.95006100574953 0
328 4.792219274212942 17.61632154000279 0
329 8.676439076248904 22.01344935503855 0
330 5.519656753779071 21.3062958225504 0
331 4.896373273403423 16.26743683642367 0
332 4.848399525868789 14.94978953982295 0
333 4.849910914892769 13.60440486402042 0
334 2.669495865481843 21.42448928563073 0
335 4.852824611274404 12.27103826945794 0
336 4.872186460886944 10.9583909823397 0
337 4.893287073814133 9.630087144386948 0
338 4.90722391281018 6.519287279190991 0
339 4.459754813751464 19.99691800631657 0
340 4.91223993884917 5.185823087213671 0
341 4.91800018293349 3.852472003032323 0
342 4.92371466295049 2.518344564853859 0
343 4.925558073384185 2.072946497114682 0
344 2.678039727466725 21.80421593562654 0
345 2.333115977592994 21.62688004036102 0
346 4.897169206038365 8.741314035434048 0
347 4.900722077071926 7.852301694044118 0
348 4.586661573964482 22.25712512447525 0
349 5.330655904295522 20.98609195115635 0
350 5.95501079027633 19.55753783994408 0
351 3.72400117413603 18.71283480964885 0
352 4.341710527619366 21.94841218507323 0
353 0.3213298238057137 22.03408657711883 0
354 3.767759245442565 2.291017003785394 0
355 3.769386359069435 1.845428129944358 0
356 3.776048409326518 3.619529247248668 0
357 3.776205463078446 4.935901135883436 0
358 4.18192198025042 23.14958916461604 0
359 4.353566954989614 23.43790553110643 0
360 4.180052518811498 23.73367702048079 0
361 4.156111151484463 1.623854500486506 0
362 3.358433851974465 21.80381033199417 0
363 3.773179724168818 6.269231561468994 0
364 3.770239281126161 7.602556926625199 0
365 3.746678005293484 10.71394479980059 0
366 3.742670583211922 12.04763705368336 0
367 2.334608052897213 22.02024333023486 0
368 1.993255309123137 21.8313787285116 0
369 3.728573317461527 17.37677388848101 0
370 3.738970382278592 13.38124289749858 0
371 4.776241934230825 21.3103882280714 0
372 3.735523103382621 14.71456513564014 0
373 3.732403432828594 16.04700285672706 0
374 4.23440732089123 22.29597455754321 0
375 4.823023907491487 19.78797859670371 0
376 4.54146427827458 23.72731979826451 0
377 4.3631663370289 24.04943112895405 0
378 3.53255038115553 25.63909967958077 0
379 6.379703185424122 1.156406172469095 0
380 3.759553314009327 8.491406110393097 0
381 3.750926041242355 9.380307843568353 0
382 5.716782787925149 20.98915475948208 0
383 5.907682812489161 21.31826156744354 0
384 2.309017182491216 21.23938402047889 0
385 5.310331239378025 2.297334600000025 0
386 5.312331245374636 1.851697394482801 0
387 5.30838148358268 2.742547657950903 0
388 2.630262683674879 18.89138981014541 0
389 3.770817937353335 1.399108098704868 0
390 2.412532872800545 23.4300463858374 0
391 6.106421747174252 20.99755060155593 0
392 6.296948825102381 21.3272870638592 0
393 6.499086933564119 20.99031422214498 0
394 6.688525996861713 21.33177895674465 0
395 6.484778887467269 21.66848571563335 0
396 6.878297163746379 21.6755412130975 0
397 6.67305488529483 22.01293949459325 0
398 7.068352081195217 22.02258058347466 0
399 7.278295486212544 21.68240378053649 0
400 7.470981675817436 22.03412654149486 0
401 6.860924334408745 22.35863209783445 0
402 6.472305693733436 22.34791164341867 0
403 2.000799930293872 22.22800638801893 0
404 1.650382919069532 22.03541439602423 0
405 4.817562241505962 20.20838181741954 0
406 6.809399622853803 23.31900783236108 0
407 4.460488253193009 20.4137690106959 0
408 2.314975714555535 22.41153012029382 0
409 2.943449072575818 0.4062524003927973 0
410 5.144479872537821 26.30997675565146 0
411 3.679641434080546 21.61559334967606 0
412 1.64566168639923 21.63632374782325 0
413 1.299447993925137 21.84019213521358 0
414 3.382753671138228 2.066912227552539 0
415 4.160173292523424 1.173104402403043 0
416 5.54582503654433 20.63853254865271 0
417 3.191771101437617 22.55182835031469 0
418 3.533306694104356 22.56571130488851 0
419 4.927201496642876 1.6270968809854 0
420 5.302927676817243 1.425123632700659 0
421 5.479820374011877 23.70203303092041 0
422 5.683027645155855 2.521686820961515 0
423 3.359869718887638 19.35303930698407 0
424 7.682664087631208 21.69241510495674 0
425 7.863566457102545 22.03880837438911 0
426 3.923809971773819 24.07531121722952 0
427 4.153413759065367 24.3799862677221 0
428 4.559976860227455 24.38658053043015 0
429 4.350841664005896 24.73622840526236 0
430 3.386206772413559 2.51228280638397 0
431 5.183348984431421 20.0034462479553 0
432 5.189412441243102 19.58287253123327 0
433 4.758225987746032 24.74004854624232 0
434 4.548172375135345 25.1000167673476 0
435 4.491230226859775 23.14658993120128 0
436 4.01547029653354 22.8631668343255 0
437 4.91919659594467 1.206649478702979 0
438 5.679118572257828 2.966688247462375 0
439 5.699929653953602 1.630393774746846 0
440 4.157512851342934 25.07801433792308 0
441 4.342205469822746 25.4596630503042 0
442 4.774269156658047 25.48488889796176 0
443 5.303974106629563 3.187393723805854 0
444 5.684074424308816 3.411543244326287 0
445 3.682260984339934 21.98263869540152 0
446 3.000841612758411 2.266754180598919 0
447 6.604572707072106 22.73762631252251 0
448 5.648085887837716 1.164767590312168 0
449 6.888546903903742 20.994874528552 0
450 1.299991854322984 21.44627062625866 0
451 1.663660368736006 22.42767183616285 0
452 4.808146432164127 20.65703283188166 0
453 4.420440226119462 20.84153223908627 0
454 8.288792064008003 22.55158301678954 0
455 8.087041949846897 21.74601758681955 0
456 0.9700737764206337 21.66841264253998 0
457 0.9751499672750648 22.02928807901061 0
458 6.031417690561376 2.716582306168362 0
459 4.436600337874237 22.57381247061535 0
460 6.207609093241328 22.63303358271119 0
461 6.674193315744266 20.64475558888337 0
462 7.469174399963279 21.359521090713 0
463 2.851372860166189 22.55769675044728 0
464 2.703323108201863 22.8515819294616 0
465 3.024095387332981 22.29975288531135 0
466 5.953220575550056 20.4135321063748 0
467 7.657379637468434 22.35921044716836 0
468 4.535517884152695 25.85440262932092 0
469 4.115745319470673 25.8306286862838 0
470 3.845209527486191 26.24249821029448 0
471 7.076264498254035 22.72477581023304 0
472 3.781022361166981 0.9335853760920123 0
473 3.390953690793041 1.171414090345508 0
474 3.385794227580845 0.7272118148136423 0
475 2.997566610971353 0.9495363040176501 0
476 3.541741009710507 23.92869546204833 0
477 6.057041380167075 22.29822096866472 0
478 4.971710461993415 25.90418570476514 0
479 2.233113593458388 20.41399030490111 0
480 1.667079042462187 21.27323249740206 0
481 5.568885872186376 19.78908727953091 0
482 5.561552887133583 19.36124678379233 0
483 5.927515656226367 19.12101179667219 0
484 5.539713682829459 18.93668774583598 0
485 5.908382593778962 18.68734298828484 0
486 5.510947406050056 18.50175408488426 0
487 5.881814749321258 18.25536735374883 0
488 5.485327805323342 18.06397071492382 0
489 5.83720204628216 17.8169475559313 0
490 5.146304255020882 18.29953187531331 0
491 5.457677274141522 17.60861374536002 0
492 5.778765280714984 17.37463314016588 0
493 5.404537062981477 17.16608119232177 0
494 5.737468285675755 16.93274506155488 0
495 5.383787294912047 16.73791703488423 0
496 5.725750370129204 16.49261288805198 0
497 5.007649023885697 16.96167988795689 0
498 3.989180054317617 21.78669376761668 0
499 4.016216614579777 21.43050982831608 0
500 6.125817391369589 16.68388495578363 0
501 6.074718374317985 16.21877176790849 0
502 5.691106560476931 16.05013438617145 0
503 6.132450612478362 17.50215319389847 0
504 2.590354366296328 20.6291273815985 0
505 4.104757434608365 20.62084073813695 0
506 4.177815615988513 0.739154949318521 0
507 7.115449705206626 20.61532324390235 0
508 3.550283057554553 24.30937525318764 0
509 4.977100310012421 24.37611155244965 0
510 5.179629677228308 24.75794528545611 0
511 5.17830588249782 23.97965876582733 0
512 4.053795335346879 21.04061104848715 0
513 6.282530170564577 21.99620781048095 0
514 4.729810548415522 26.29006502242348 0
515 6.098721499886031 21.65757464580355 0
516 5.711083426020931 21.64938969707063 0
517 4.769335342968131 22.56110079904136 0
518 7.910984953312757 20.93520334458768 0
519 7.139858552370314 23.12227925948493 0
520 2.272231424765427 20.83726460886704 0
521 3.004909881225814 1.821106314152044 0
522 3.736666402306856 20.40872892963477 0
523 1.868989821924232 20.6296350370192 0
524 1.440335843647202 22.9453665945527 0
525 6.315312617329812 17.93959335071892 0
526 2.626949534343317 19.33884058733275 0
527 6.339434682697171 19.32825147556527 0
528 7.857866328372198 22.70667494565049 0
529 5.172250561936229 20.4085860059816 0
530 1.314039998534915 22.2248635812943 0
531 1.061249103621099 20.93835054817375 0
532 5.421216431540175 25.98026610023208 0
533 2.014580289624688 22.60217006691386 0
534 4.960126276700841 22.84567325953744 0
535 0.6930639375287618 22.58202664503164 0
536 5.568045336413082 20.20907811061221 0
537 5.880786057777251 21.96897019469056 0
538 2.633826956221491 18.44490299289054 0
539 3.014532376002379 18.23053133377063 0
540 3.009317922994498 17.77991376008522 0
541 3.372007404477021 18.02999254437583 0
542 3.003727295071615 18.68574982103321 0
543 5.174964740832295 0.3781152340553379 0
544 5.415990028310011 0.7549527375710495 0
545 5.302747149239412 3.632021175035204 0
546 5.67600650408607 3.856061400828501 0
547 5.300200662275788 4.076612563189043 0
548 5.673079388908878 4.300561462391963 0
549 5.29784325901135 4.521104829840883 0
550 5.67836037274082 4.745080857145497 0
551 6.027434513450552 4.050832173393735 0
552 4.915849667216982 4.297082354729018 0
553 5.296907305609924 4.965512847466908 0
554 5.670649974763987 5.189486595484633 0
555 5.294358273421437 5.409959906820697 0
556 5.66782145165012 5.633923714725509 0
557 5.292290593153497 5.854389643512467 0
558 5.672804419099474 6.078413407106229 0
559 6.023999305594318 5.38452722980863 0
560 4.910479989083687 5.63039171553511 0
561 5.291584206231713 6.29883892821756 0
562 5.66542138852823 6.52281348237364 0
563 5.288940349746857 6.743346830813863 0
564 5.662666188347611 6.967259160853477 0
565 5.286536289686175 7.187782511081332 0
566 5.667227454956857 7.4117388938223 0
567 6.020614610403996 6.718183854526272 0
568 6.072371052951936 0.3755132600373042 0
569 4.904783029216416 6.963824749065058 0
570 5.285494534419908 7.632139880694166 0
571 5.665690231278592 7.856177422297195 0
572 5.283902801197014 8.076513202273905 0
573 5.663864537087911 8.300614765445427 0
574 5.697075195833108 2.076605009016014 0
575 3.390848375172042 1.616968065428788 0
576 2.6333843314117 17.55636855453713 0
577 3.014722597884713 17.33469253766662 0
578 2.633923181299255 17.1113781884856 0
579 3.009414048760974 16.88898422450345 0
580 3.008606868913701 16.4441528964192 0
581 3.366670970108963 16.69012481758467 0
582 4.921325005240317 2.963198329505145 0
583 5.282091546683693 8.520963623059997 0
584 5.66201677980027 8.745055289194607 0
585 5.280138987631691 8.965404722251558 0
586 5.660174374890624 9.189495368605888 0
587 3.767094306232604 2.736074307999297 0
588 3.392154467347423 2.951462506879898 0
589 5.278209931239255 9.409826766271292 0
590 5.653117297085014 9.633882046517494 0
591 5.275518234888997 9.854361340109564 0
592 5.653213503756659 10.07309203526983 0
593 5.273744152030323 10.29796530524941 0
594 5.644000270505575 10.4979255527058 0
595 6.015844051230207 9.823938841458769 0
596 4.891115840985658 10.07468407575595 0
597 2.634900176472874 7.777777799192596 0
598 3.013231327311447 8.000000005629895 0
599 3.012136523084206 7.555555587505069 0
600 3.01181253931831 8.444444395372715 0
601 3.383076379901887 8.2416761612225 0
602 2.633568873485545 8.666666603571121 0
603 3.015765274025359 8.888888704436374 0
604 3.019800377652796 9.333332985476973 0
605 2.634900289395442 9.555555311333777 0
606 3.012583492588768 9.77777726880079 0
607 3.011080605556229 10.22222136807218 0
608 3.377137160493485 10.02348296916802 0
609 2.633447362798106 10.44444369428186 0
610 3.015397834168462 10.66666504000229 0
611 2.633924741504461 10.88888780256889 0
612 3.011201933284757 11.11110904791639 0
613 3.010396782332232 11.55555240963261 0
614 3.374678041096356 11.35713528206045 0
615 2.633334876853928 11.77777515834629 0
616 3.015121295145383 11.99999434257525 0
617 2.633861236580378 12.22221849763471 0
618 3.010663043304628 12.44443754120478 0
619 3.009861638867932 12.88887851423496 0
620 3.372396473990771 12.69075907635371 0
621 2.633250431015948 13.11110237240515 0
622 3.014860639916442 13.33331443945695 0
623 2.633807949489874 13.55554309188397 0
624 3.010139155553968 13.77775470102549 0
625 3.009357700460428 14.22218747183188 0
626 3.370169561573541 14.02429470259481 0
627 2.633182204783815 14.44441509894629 0
628 3.014630522456821 14.66660324390946 0
629 2.633772354102135 14.88884700867083 0
630 3.009660302527791 15.11103354596331 0
631 3.008955800399433 15.55543193528319 0
632 3.368131172244184 15.3575405711161 0
633 2.633098524474784 15.7776520152044 0
634 2.633622876091907 7.333333345036835 0
635 3.018310144469359 7.111111135132299 0
636 3.013468733573846 6.666666686926797 0
637 3.396591657601834 6.912143191590769 0
638 3.391593037651126 7.356669754833634 0
639 2.633844917574087 6.4444444618268 0
640 3.012485968248412 6.222222239965776 0
641 2.633505241344328 6.000000000880329 0
642 3.018348796750944 5.777777771914025 0
643 3.013960626208213 5.333333319007806 0
644 3.398047381227862 5.578809823722207 0
645 3.393317021837524 6.023337753243229 0
646 6.374335756247511 7.813270954510497 0
647 6.371864662198832 8.702083526563936 0
648 6.365101005176699 13.99999883464664 0
649 5.980204902281138 14.22222122420252 0
650 5.980200612782304 14.66662875720675 0
651 5.595368633927341 14.44443897979644 0
652 5.98021364012698 13.77779221193636 0
653 5.595818695008042 14.9012988701685 0
654 5.980240922392079 15.11304867772435 0
655 5.595347070927709 15.333129756534 0
656 5.215608221510031 14.70364362211213 0
657 5.220415253035281 14.25294936945129 0
658 5.980101230253908 15.55526244157203 0
659 6.361422005314407 15.34231292752617 0
660 5.604394581994602 14.00513415103802 0
661 5.604233143603841 13.55645175826859 0
662 5.981690487530251 13.3335108133209 0
663 5.597046118295216 13.11135508424983 0
664 5.224870177740482 13.35402278896279 0
665 5.223576580997347 12.91708003760791 0
666 5.60569192576509 12.67142181082968 0
667 6.36509962420843 11.33333355483674 0
668 5.980200915583053 11.55555639277526 0
669 5.980198499344072 11.99999633732806 0
670 5.595389604890421 11.77762964175232 0
671 5.59530291278625 11.33333849798747 0
672 5.216081333456637 11.57853952303257 0
673 5.605041747831379 12.2228463129408 0
674 5.980193933830829 12.44443179191644 0
675 6.365095518188085 12.22221776834803 0
676 6.365093974328573 12.66667646459787 0
677 5.99345177954706 11.11893876702662 0
678 6.379790212844886 10.89153896629662 0
679 2.630494737724427 3.341692800325813 0
680 2.634900177829105 4.666666664256377 0
681 3.019803546966802 4.444445772506169 0
682 3.016538382217135 4.005655461401184 0
683 3.401936997450355 4.252075648554752 0
684 3.399099946196337 4.684124837326298 0
685 3.012296365871499 4.891798800254954 0
686 2.632676225860567 5.111596092725847 0
687 4.898788321964279 8.296858417726314 0
688 4.894862509170325 9.185508674754045 0
689 3.748392554715614 8.928280048169608 0
690 6.365350825562363 13.55558734702103 0
691 3.008288429237748 15.99978953391015 0
692 5.982469376715035 12.88975117933764 0
693 4.84589246753231 15.38754929695008 0
694 6.364492689948522 14.89069955311462 0
695 2.633622277038545 3.780113599280363 0
696 5.256383330855046 10.72769985973016 0
697 3.012583413065159 3.580854542587815 0
698 5.325601749104399 16.30134701622373 0
699 5.280287672636726 15.89179504119848 0
700 2.633760305819088 16.2219511196211 0
701 4.908478438414654 6.074790262719278 0
702 3.774331519106006 3.178824719467944 0
703 4.919222314708499 3.407883242240041 0
704 4.913230368352429 4.741408277400741 0
705 4.9020958984514 7.408067644551054 0
706 4.883703886204771 10.51554358530478 0
707 3.546681564547081 25.20562539768338 0
708 6.37966948093961 1.592552683348865 0
709 4.540821670654609 1.848480940608629 0
710 5.227102382218872 12.02440689434428 0
711 4.766517412738341 24.03354047895233 0
712 4.889469804781642 23.70910329640089 0
713 3.752538919734195 10.26947288080609 0
714 4.541336880388322 1.40564300110375 0
715 8.660883814875984 21.30428542864313 0
716 8.288525627733385 22.13306225368123 0
717 4.993981631249742 25.14269063135272 0
718 4.540766123342895 0.98427697319782 0
719 6.38326552294209 9.580919463451348 0
720 6.274999999998441 23.42575862213581 0
721 6.498456370121449 23.14486734221934 0
722 7.263693909107482 22.35261852144244 0
723 3.748508541649128 11.60302090084083 0
724 2.990418849291912 19.56771355170033 0
725 4.826675182566943 19.3628830189723 0
726 3.695535668199118 21.22481657612908 0
727 4.39722049823411 21.27175236479148 0
728 0.3198100671393792 21.66694739859098 0
729 3.367369865491264 22.2055959480582 0
730 3.744991389314169 12.93651506307437 0
731 2.640615629764784 21.02945189557167 0
732 3.726526286570059 19.14272820805523 0
733 4.582676293967366 21.62059631397718 0
734 3.692810257937144 22.85718302408728 0
735 4.100143927808727 20.20433794745277 0
736 2.996564468615309 19.12895532716449 0
737 5.860466960881763 0.7391757057332524 0
738 6.388655697369981 6.470573361766537 0
739 3.741723201157516 14.26982368484159 0
740 5.81576849450509 22.56229415591903 0
741 1.98652694118622 21.44838046071077 0
742 7.076392284239576 21.34407050038548 0
743 4.859261696477825 15.8222709048274 0
744 6.390506314085809 5.137131315015006 0
745 3.73859101554777 15.6025317135513 0
746 7.911811059468947 21.35313621113429 0
747 5.499599704899873 21.95128797463843 0
748 3.736493655107957 16.93380973604932 0
749 6.392384344583355 3.803660653585154 0
750 3.737796306874102 18.27066794312886 0
751 3.813121279079858 23.70429240572685 0
752 2.725739318443619 23.4283387487151 0
753 6.392403738566697 2.469806775086732 0
754 4.975572999014647 21.00184144700535 0
755 8.67601851851831 22.41249999999998 0
756 0.3273407907454386 21.29013949472648 0
757 0.323981481480659 22.41249999999999 0
758 2.607023354025626 0.6922643542911444 0
759 5.316119816020429 23.41262128756502 0
760 6.335879189417658 18.89358563903307 0
761 5.980437091293107 22.88168096309455 0
762 5.188425031691041 19.15715403471163 0
763 6.262151280091453 20.67000996257499 0
764 2.883333333332741 23.1514457674464 0
765 4.931220303263996 0.7682832959226338 0
766 6.337933718994493 0.7063661791373622 0
767 2.689298463098087 22.23383607096387 0
768 3.364777272932637 18.91925296056225 0
769 4.681322185552874 23.4367757839972 0
770 2.623367107300384 2.01770557791793 0
771 3.005520284091681 1.378088209792051 0
772 3.931344407913403 25.44656767569787 0
773 2.629451012879687 2.468788573583978 0
774 0.6426124168107558 21.85139199573342 0
775 2.620775394393282 1.135575956490749 0
776 3.006153624816417 2.708240811570211 0
777 3.390123423376755 3.381150023458105 0
778 8.690412159338102 21.66289218274864 0
779 5.194698974223695 25.55676712714719 0
780 3.788761427116552 4.066354780661638 0
781 3.781720262566238 4.500472372027256 0
782 3.398355195704222 5.137844001208416 0
783 3.986934646805936 24.72772131658692 0
784 3.785099217803998 5.396457128554379 0
785 3.777802011702927 5.833332629794638 0
786 4.633033538947844 22.85798923362116 0
787 3.396153111270666 6.471671829111452 0
788 3.782225383663762 6.729819797866266 0
789 3.774761830090518 7.166665529064613 0
790 3.009877628096715 3.144839596462383 0
791 3.391516252169156 3.814716393809147 0
792 3.848936991276331 22.59344171393339 0
793 3.392584691800351 7.804370085516975 0
794 3.763299315206634 8.047078481112795 0
795 5.215152958259102 15.13417149130827 0
796 2.336743982211585 22.7800012630448 0
797 3.369472266186925 8.673093131036005 0
798 4.847643443871545 14.50222523010904 0
799 3.373267444185749 9.122157555475761 0
800 4.857706310649017 14.04704204197718 0
801 3.385903883061238 9.580765375064839 0
802 3.75462991901657 9.825399664416249 0
803 5.226921730319331 13.80333416228638 0
804 4.813628790758511 23.1350211335783 0
805 3.368418361410926 10.45447834055526 0
806 4.845952628634707 13.16999374135159 0
807 4.817604447250162 18.04842851430627 0
808 3.382573495105812 10.91402999167433 0
809 4.859860650766735 12.71356548369139 0
810 3.369473638248963 18.47483823541994 0
811 3.750212167727664 11.15892390809424 0
812 5.229016316475636 12.47005980147867 0
813 3.365861782577451 11.78788465305554 0
814 4.847922717424009 11.83655454133119 0
815 3.380521974827089 12.24747107824235 0
816 4.848530101471919 11.39878547696878 0
817 3.74664179868516 12.49245893079288 0
818 5.179454474761176 18.74108918655266 0
819 0.6592930697357415 22.21358937540476 0
820 3.363426377777609 13.12127014821436 0
821 3.378551734434485 13.58084958036929 0
822 6.005946357288833 10.69457057626757 0
823 5.235148490860047 11.1554336051203 0
824 3.743348821265062 13.82586081226059 0
825 3.358407140149342 14.45167228166092 0
826 3.751069803512045 17.82889393317832 0
827 5.621905889944188 10.92546909005112 0
828 6.39305664063555 10.01524180783613 0
829 3.376221193760064 14.91353424652236 0
830 3.353652764460304 17.11657856761108 0
831 6.003748276676529 9.400871743696623 0
832 3.362277892956329 15.79175505193273 0
833 3.364951871582236 17.57199837909204 0
834 3.74010461301092 15.15875726370578 0
835 7.266515225314224 21.02199981624887 0
836 6.016608231660283 10.25954762691586 0
837 5.998951133277983 8.96382819260039 0
838 3.374379740222385 16.24723047232915 0
839 3.738702508964193 16.49077060651313 0
840 6.003350359056071 8.515329499907264 0
841 6.000807875187695 8.07510870325231 0
842 3.377945598714255 0.3109794343636688 0
843 6.009773380047798 7.622882887917834 0
844 6.028035996055962 7.16148447975407 0
845 1.974531633499198 21.05400204936424 0
846 6.386435207427874 6.914662111056722 0
847 6.011797977837791 6.290222979517045 0
848 2.557313406708184 23.14639428955903 0
849 2.23029645442948 23.14072416908098 0
850 6.031622724222587 5.828006109440411 0
851 0.6579742817074072 21.487151671472 0
852 4.284218326670423 0.3406358833876326 0
853 6.014980617254783 4.956823120455347 0
854 6.388283951484917 5.58102825588411 0
855 6.035326807324537 4.494542212774832 0
856 6.015032135215138 3.626759765199732 0
857 6.390063327970319 4.247535487539732 0
858 6.038797032884343 3.161412757032299 0
859 3.730872634971449 22.30462294029885 0
860 4.811539884555744 18.53717849566255 0
861 6.015945899220826 2.294623584948097 0
862 6.3915941375593 2.913932284368888 0
863 3.502835908564974 26.05714285714283 0
864 8.34323451137646 21.50165149926902 0
865 6.010124008561686 1.855492866477555 0
866 6.011763678636221 1.408537017354575 0
867 6.825710350134341 23.00971131136418 0
868 5.00566828900474 23.41890956882413 0
869 4.264356509984549 21.62535103461749 0
870 4.315576566056448 22.86564057383762 0
871 4.809435554179842 16.65309040031005 0
872 3.972795297077494 22.11385785341817 0
873 3.040030928875265 21.96184839213299 0
874 5.513297724076965 23.99885789601467 0
875 6.42015050775907 16.3073103411979 0
876 7.991226022936914 22.35786780753575 0
877 5.12906027410632 17.82962848797976 0
878 1.012694268034937 22.39296174751988 0
879 5.526230010780106 24.77163792054002 0
880 5.6240065379032 15.71048850045377 0
881 6.821817251891844 20.32829046961535 0
882 5.916880285457047 20.7417559957281 0
883 5.179428836624002 23.65664117417035 0
884 5.087297409969299 17.3846766793131 0
885 4.140745382575959 22.59311775779935 0
886 3.521735089946687 23.63218809614733 0
887 6.553237865261035 23.45792675934324 0
888 1.002200684413481 21.30662259963357 0
889 6.488046790920042 16.68821280516116 0
890 1.368451235551266 22.57310768449441 0
891 5.974319030999923 15.88766434494047 0
892 6.419455364815792 0.3290861653465575 0
893 2.572473535776701 0.3236049443810383 0
894 5.481982452105808 26.38323728358474 0
895 5.202035832270247 15.53402999165683 0
896 5.147373921065838 20.73265261323859 0
897 3.486258283030774 26.39304303806843 0
898 6.0244676863104 1.065037973601996 0
899 3.84138875816696 24.4469821502135 0
900 1.738066253752013 22.76492703833109 0
901 3.789968225975838 25.87374468750107 0
902 7.448261227501023 22.61638564844931 0
903 6.029592374539954 17.1357637987606 0
904 2.563627360404569 22.6132063214477 0
905 2.125571295620167 23.38604203175073 0
906 4.765116036959095 17.23981546640599 0
907 3.830726835388366 25.01814878286449 0
908 1.371299682914568 21.10422751023357 0
909 5.247517422222804 1.077061350415232 0
910 4.675524417952634 21.01650942216723 0
911 4.495696273745562 0.6277666182723711 0
912 7.621570736402087 21.06692180412134 0
913 2.058179466784017 22.89217004141545 0
914 6.286854482861002 22.91974242742915 0
915 6.491608886786972 17.5444958895802 0
916 8.423953370576179 21.8097876321788 0
917 5.103381911417821 16.5563971066145 0
918 5.5430144968635 25.6073312773807 0
919 1.704478578418192 20.93134953433071 0
920 3.987817027491486 22.37633651658215 0
$EndNodes
$Elements
1852
1 15 2 0 1 1
2 15 2 0 2 2
3 15 2 0 3 3
4 15 2 0 4 4
5 15 2 0 5 5
6 15 2 0 6 6
7 15 2 0 7 7
8 15 2 0 8 8
9 15 2 0 9 9
10 15 2 0 10 10
11 15 2 0 11 11
12 15 2 0 12 12
13 15 2 0 13 13
14 15 2 0 14 14
15 1 2 0 1 1 15
16 1 2 0 1 15 16
17 1 2 0 1 16 17
18 1 2 0 1 17 18
19 1 2 0 1 18 19
20 1 2 0 1 19 20
21 1 2 0 1 20 21
22 1 2 0 1 21 22
23 1 2 0 1 22 23
24 1 2 0 1 23 24
25 1 2 0 1 24 25
26 1 2 0 1 25 26
27 1 2 0 1 26 27
28 1 2 0 1 27 28
29 1 2 0 1 28 29
30 1 2 0 1 29 30
31 1 2 0 1 30 31
32 1 2 0 1 31 32
33 1 2 0 1 32 33
34 1 2 0 1 33 34
35 1 2 0 1 34 35
36 1 2 0 1 35 36
37 1 2 0 1 36 37
38 1 2 0 1 37 38
39 1 2 0 1 38 39
40 1 2 0 1 39 40
41 1 2 0 1 40 41
42 1 2 0 1 41 42
43 1 2 0 1 42 43
44 1 2 0 1 43 44
45 1 2 0 1 44 45
46 1 2 0 1 45 46
47 1 2 0 1 46 47
48 1 2 0 1 47 48
49 1 2 0 1 48 49
50 1 2 0 1 49 50
51 1 2 0 1 50 51
52 1 2 0 1 51 52
53 1 2 0 1 52 53
54 1 2 0 1 53 54
55 1 2 0 1 54 55
56 1 2 0 1 55 56
57 1 2 0 1 56 57
58 1 2 0 1 57 58
59 1 2 0 1 58 10
60 1 2 0 2 10 59
61 1 2 0 2 59 60
62 1 2 0 2 60 61
63 1 2 0 2 61 62
64 1 2 0 2 62 63
65 1 2 0 2 63 9
66 1 2 0 3 9 64
67 1 2 0 3 64 65
68 1 2 0 3 65 66
69 1 2 0 3 66 8
70 1 2 0 4 8 67
71 1 2 0 4 67 68
72 1 2 0 4 68 69
73 1 2 0 4 69 70
74 1 2 0 4 70 71
75 1 2 0 4 71 7
76 1 2 0 5 7 72
77 1 2 0 5 72 73
78 1 2 0 5 73 11
79 1 2 0 6 11 74
80 1 2 0 6 74 75
81 1 2 0 6 75 76
82 1 2 0 6 76 77
83 1 2 0 6 77 78
84 1 2 0 6 78 79
85 1 2 0 6 79 12
86 1 2 0 7 12 80
87 1 2 0 7 80 81
88 1 2 0 7 81 82
89 1 2 0 7 82 83
90 1 2 0 7 83 84
91 1 2 0 7 84 13
92 1 2 0 8 13 85
93 1 2 0 8 85 86
94 1 2 0 8 86 87
95 1 2 0 8 87 88
96 1 2 0 8 88 89
97 1 2 0 8 89 90
98 1 2 0 8 90 14
99 1 2 0 9 14 91
100 1 2 0 9 91 92
101 1 2 0 9 92 6
102 1 2 0 10 6 93
103 1 2 0 10 93 94
104 1 2 0 10 94 95
105 1 2 0 10 95 96
106 1 2 0 10 96 97
107 1 2 0 10 97 5
108 1 2 0 11 5 98
109 1 2 0 11 98 99
110 1 2 0 11 99 100
111 1 2 0 11 100 4
112 1 2 0 12 4 101
113 1 2 0 12 101 102
114 1 2 0 12 102 103
115 1 2 0 12 103 104
116 1 2 0 12 104 105
117 1 2 0 12 105 3
118 1 2 0 13 3 106
119 1 2 0 13 106 107
120 1 2 0 13 107 108
121 1 2 0 13 108 109
122 1 2 0 13 109 110
123 1 2 0 13 110 111
124 1 2 0 13 111 112
125 1 2 0 13 112 113
126 1 2 0 13 113 114
127 1 2 0 13 114 115
128 1 2 0 13 115 116
129 1 2 0 13 116 117
130 1 2 0 13 117 118
131 1 2 0 13 118 119
132 1 2 0 13 119 120
133 1 2 0 13 120 121
134 1 2 0 13 121 122
135 1 2 0 13 122 123
136 1 2 0 13 123 124
137 1 2 0 13 124 125
138 1 2 0 13 125 126
139 1 2 0 13 126 127
140 1 2 0 13 127 128
141 1 2 0 13 128 129
142 1 2 0 13 129 130
143 1 2 0 13 130 131
144 1 2 0 13 131 132
145 1 2 0 13 132 133
146 1 2 0 13 133 134
147 1 2 0 13 134 135
148 1 2 0 13 135 136
149 1 2 0 13 136 137
150 1 2 0 13 137 138
151 1 2 0 13 138 139
152 1 2 0 13 139 140
153 1 2 0 13 140 141
154 1 2 0 13 141 142
155 1 2 0 13 142 143
156 1 2 0 13 143 144
157 1 2 0 13 144 145
158 1 2 0 13 145 146
159 1 2 0 13 146 147
160 1 2 0 13 147 148
161 1 2 0 13 148 149
162 1 2 0 13 149 2
163 1 2 0 14 2 150
164 1 2 0 14 150 151
165 1 2 0 14 151 152
166 1 2 0 14 152 153
167 1 2 0 14 153 154
168 1 2 0 14 154 155
169 1 2 0 14 155 156
170 1 2 0 14 156 157
171 1 2 0 14 157 158
172 1 2 0 14 158 1
173 2 2 0 1 454 755 716
174 2 2 0 1 466 536 416
175 2 2 0 1 442 779 717
176 2 2 0 1 476 508 426
177 2 2 0 1 409 475 474
178 2 2 0 1 698 699 331
179 2 2 0 1 81 470 80
180 2 2 0 1 699 743 331
181 2 2 0 1 110 525 109
182 2 2 0 1 468 469 240
183 2 2 0 1 231 474 472
184 2 2 0 1 220 763 461
185 2 2 0 1 228 536 466
186 2 2 0 1 716 755 329
187 2 2 0 1 717 779 229
188 2 2 0 1 471 519 216
189 2 2 0 1 461 881 220
190 2 2 0 1 767 873 344
191 2 2 0 1 167 487 485
192 2 2 0 1 481 536 228
193 2 2 0 1 447 914 721
194 2 2 0 1 465 873 767
195 2 2 0 1 416 882 466
196 2 2 0 1 746 864 244
197 2 2 0 1 740 761 460
198 2 2 0 1 240 514 468
199 2 2 0 1 498 872 352
200 2 2 0 1 472 506 231
201 2 2 0 1 350 481 228
202 2 2 0 1 477 740 460
203 2 2 0 1 352 872 374
204 2 2 0 1 240 470 81
205 2 2 0 1 246 726 512
206 2 2 0 1 477 537 201
207 2 2 0 1 83 514 82
208 2 2 0 1 510 717 229
209 2 2 0 1 110 915 525
210 2 2 0 1 721 867 447
211 2 2 0 1 108 760 107
212 2 2 0 1 350 482 481
213 2 2 0 1 216 902 471
214 2 2 0 1 478 514 410
215 2 2 0 1 469 470 240
216 2 2 0 1 512 727 453
217 2 2 0 1 474 842 409
218 2 2 0 1 500 875 501
219 2 2 0 1 500 889 875
220 2 2 0 1 512 726 499
221 2 2 0 1 109 525 167
222 2 2 0 1 455 864 746
223 2 2 0 1 470 897 80
224 2 2 0 1 105 507 104
225 2 2 0 1 409 758 475
226 2 2 0 1 426 751 476
227 2 2 0 1 106 527 161
228 2 2 0 1 796 849 848
229 2 2 0 1 362 729 445
230 2 2 0 1 508 899 426
231 2 2 0 1 104 507 205
232 2 2 0 1 167 525 487
233 2 2 0 1 246 512 505
234 2 2 0 1 253 860 807
235 2 2 0 1 362 873 729
236 2 2 0 1 421 874 14
237 2 2 0 1 796 848 464
238 2 2 0 1 656 795 653
239 2 2 0 1 201 740 477
240 2 2 0 1 86 532 85
241 2 2 0 1 478 779 442
242 2 2 0 1 410 532 478
243 2 2 0 1 727 910 453
244 2 2 0 1 74 476 11
245 2 2 0 1 231 842 474
246 2 2 0 1 233 511 509
247 2 2 0 1 516 747 537
248 2 2 0 1 107 760 527
249 2 2 0 1 14 874 90
250 2 2 0 1 737 898 766
251 2 2 0 1 197 504 222
252 2 2 0 1 229 879 510
253 2 2 0 1 410 514 83
254 2 2 0 1 384 731 520
255 2 2 0 1 82 514 240
256 2 2 0 1 520 731 504
257 2 2 0 1 350 483 482
258 2 2 0 1 509 510 233
259 2 2 0 1 537 747 201
260 2 2 0 1 485 760 167
261 2 2 0 1 716 876 454
262 2 2 0 1 221 522 200
263 2 2 0 1 737 766 568
264 2 2 0 1 491 884 877
265 2 2 0 1 501 875 169
266 2 2 0 1 161 527 350
267 2 2 0 1 505 522 246
268 2 2 0 1 807 860 490
269 2 2 0 1 60 523 59
270 2 2 0 1 219 508 75
271 2 2 0 1 479 504 181
272 2 2 0 1 786 804 534
273 2 2 0 1 181 504 197
274 2 2 0 1 107 527 106
275 2 2 0 1 169 891 501
276 2 2 0 1 332 795 656
277 2 2 0 1 532 894 85
278 2 2 0 1 513 537 477
279 2 2 0 1 539 810 541
280 2 2 0 1 182 846 844
281 2 2 0 1 877 884 328
282 2 2 0 1 844 846 567
283 2 2 0 1 183 854 850
284 2 2 0 1 4 715 100
285 2 2 0 1 184 857 855
286 2 2 0 1 850 854 559
287 2 2 0 1 428 711 377
288 2 2 0 1 855 857 551
289 2 2 0 1 185 862 858
290 2 2 0 1 858 862 458
291 2 2 0 1 93 406 6
292 2 2 0 1 448 737 544
293 2 2 0 1 525 915 503
294 2 2 0 1 657 803 800
295 2 2 0 1 665 812 809
296 2 2 0 1 800 803 333
297 2 2 0 1 468 514 478
298 2 2 0 1 809 812 335
299 2 2 0 1 246 522 221
300 2 2 0 1 101 715 4
301 2 2 0 1 729 873 465
302 2 2 0 1 511 712 711
303 2 2 0 1 167 760 108
304 2 2 0 1 10 479 181
305 2 2 0 1 782 784 357
306 2 2 0 1 644 784 782
307 2 2 0 1 773 776 446
308 2 2 0 1 787 788 363
309 2 2 0 1 213 523 60
310 2 2 0 1 162 776 773
311 2 2 0 1 637 788 787
312 2 2 0 1 497 871 259
313 2 2 0 1 793 794 364
314 2 2 0 1 601 794 793
315 2 2 0 1 801 802 381
316 2 2 0 1 203 905 849
317 2 2 0 1 377 711 376
318 2 2 0 1 608 802 801
319 2 2 0 1 808 811 365
320 2 2 0 1 614 811 808
321 2 2 0 1 815 817 366
322 2 2 0 1 518 746 244
323 2 2 0 1 620 817 815
324 2 2 0 1 821 824 370
325 2 2 0 1 626 824 821
326 2 2 0 1 829 834 372
327 2 2 0 1 632 834 829
328 2 2 0 1 415 506 472
329 2 2 0 1 838 839 373
330 2 2 0 1 504 731 222
331 2 2 0 1 581 839 838
332 2 2 0 1 402 513 477
333 2 2 0 1 499 727 512
334 2 2 0 1 200 522 208
335 2 2 0 1 466 763 220
336 2 2 0 1 460 914 447
337 2 2 0 1 102 518 244
338 2 2 0 1 711 712 376
339 2 2 0 1 383 516 515
340 2 2 0 1 435 804 786
341 2 2 0 1 208 735 217
342 2 2 0 1 59 523 479
343 2 2 0 1 216 519 94
344 2 2 0 1 397 513 402
345 2 2 0 1 826 833 541
346 2 2 0 1 235 516 330
347 2 2 0 1 416 536 529
348 2 2 0 1 523 845 520
349 2 2 0 1 199 517 195
350 2 2 0 1 383 515 392
351 2 2 0 1 369 833 826
352 2 2 0 1 402 460 447
353 2 2 0 1 479 520 504
354 2 2 0 1 330 516 383
355 2 2 0 1 161 220 3
356 2 2 0 1 402 477 460
357 2 2 0 1 522 735 208
358 2 2 0 1 243 362 242
359 2 2 0 1 516 537 515
360 2 2 0 1 219 899 508
361 2 2 0 1 421 883 511
362 2 2 0 1 259 906 497
363 2 2 0 1 529 536 431
364 2 2 0 1 356 791 780
365 2 2 0 1 10 181 180
366 2 2 0 1 227 242 226
367 2 2 0 1 588 790 777
368 2 2 0 1 179 534 206
369 2 2 0 1 521 770 446
370 2 2 0 1 511 711 509
371 2 2 0 1 683 781 780
372 2 2 0 1 395 513 397
373 2 2 0 1 770 773 446
374 2 2 0 1 684 781 683
375 2 2 0 1 397 402 401
376 2 2 0 1 10 180 58
377 2 2 0 1 106 161 3
378 2 2 0 1 517 534 195
379 2 2 0 1 475 775 771
380 2 2 0 1 415 718 506
381 2 2 0 1 374 459 348
382 2 2 0 1 348 517 199
383 2 2 0 1 362 445 411
384 2 2 0 1 102 244 101
385 2 2 0 1 487 525 489
386 2 2 0 1 407 453 452
387 2 2 0 1 828 836 173
388 2 2 0 1 227 243 242
389 2 2 0 1 69 524 230
390 2 2 0 1 228 466 220
391 2 2 0 1 489 525 503
392 2 2 0 1 407 452 405
393 2 2 0 1 235 747 516
394 2 2 0 1 822 827 677
395 2 2 0 1 57 526 388
396 2 2 0 1 644 785 784
397 2 2 0 1 459 517 348
398 2 2 0 1 339 407 405
399 2 2 0 1 645 785 644
400 2 2 0 1 467 902 528
401 2 2 0 1 205 518 103
402 2 2 0 1 197 221 200
403 2 2 0 1 181 197 196
404 2 2 0 1 105 881 507
405 2 2 0 1 392 515 395
406 2 2 0 1 541 810 750
407 2 2 0 1 350 527 483
408 2 2 0 1 483 484 482
409 2 2 0 1 362 411 242
410 2 2 0 1 653 795 655
411 2 2 0 1 16 758 15
412 2 2 0 1 71 203 70
413 2 2 0 1 222 226 221
414 2 2 0 1 222 227 226
415 2 2 0 1 197 222 221
416 2 2 0 1 523 919 845
417 2 2 0 1 403 533 408
418 2 2 0 1 505 512 453
419 2 2 0 1 203 524 70
420 2 2 0 1 339 405 375
421 2 2 0 1 637 789 788
422 2 2 0 1 395 515 513
423 2 2 0 1 638 789 637
424 2 2 0 1 403 408 367
425 2 2 0 1 766 898 379
426 2 2 0 1 657 798 656
427 2 2 0 1 103 518 102
428 2 2 0 1 528 902 216
429 2 2 0 1 226 246 221
430 2 2 0 1 657 800 798
431 2 2 0 1 544 909 448
432 2 2 0 1 220 881 3
433 2 2 0 1 217 339 248
434 2 2 0 1 195 534 179
435 2 2 0 1 104 205 103
436 2 2 0 1 445 498 411
437 2 2 0 1 392 395 394
438 2 2 0 1 352 869 498
439 2 2 0 1 230 535 68
440 2 2 0 1 405 529 431
441 2 2 0 1 456 457 413
442 2 2 0 1 402 447 401
443 2 2 0 1 61 531 213
444 2 2 0 1 161 228 220
445 2 2 0 1 411 726 242
446 2 2 0 1 95 528 216
447 2 2 0 1 334 344 243
448 2 2 0 1 452 529 405
449 2 2 0 1 244 715 101
450 2 2 0 1 665 806 664
451 2 2 0 1 197 200 196
452 2 2 0 1 388 736 542
453 2 2 0 1 423 736 724
454 2 2 0 1 505 735 522
455 2 2 0 1 68 535 67
456 2 2 0 1 665 809 806
457 2 2 0 1 407 505 453
458 2 2 0 1 380 797 689
459 2 2 0 1 538 542 539
460 2 2 0 1 425 455 424
461 2 2 0 1 63 245 62
462 2 2 0 1 339 375 248
463 2 2 0 1 454 528 96
464 2 2 0 1 245 531 62
465 2 2 0 1 97 454 96
466 2 2 0 1 797 799 689
467 2 2 0 1 413 530 404
468 2 2 0 1 404 530 451
469 2 2 0 1 226 726 246
470 2 2 0 1 352 374 348
471 2 2 0 1 479 523 520
472 2 2 0 1 388 542 538
473 2 2 0 1 405 431 375
474 2 2 0 1 75 508 74
475 2 2 0 1 689 799 381
476 2 2 0 1 395 397 396
477 2 2 0 1 499 726 411
478 2 2 0 1 59 479 10
479 2 2 0 1 181 196 180
480 2 2 0 1 70 524 69
481 2 2 0 1 509 711 428
482 2 2 0 1 69 230 68
483 2 2 0 1 517 786 534
484 2 2 0 1 799 801 381
485 2 2 0 1 71 905 203
486 2 2 0 1 217 735 339
487 2 2 0 1 577 579 578
488 2 2 0 1 549 704 553
489 2 2 0 1 388 538 56
490 2 2 0 1 210 348 199
491 2 2 0 1 179 206 176
492 2 2 0 1 341 547 545
493 2 2 0 1 443 703 545
494 2 2 0 1 315 552 317
495 2 2 0 1 538 539 192
496 2 2 0 1 52 578 191
497 2 2 0 1 340 555 553
498 2 2 0 1 545 703 341
499 2 2 0 1 340 560 555
500 2 2 0 1 553 704 340
501 2 2 0 1 317 552 341
502 2 2 0 1 341 552 547
503 2 2 0 1 53 578 52
504 2 2 0 1 330 383 382
505 2 2 0 1 307 701 309
506 2 2 0 1 338 563 561
507 2 2 0 1 565 705 570
508 2 2 0 1 61 213 60
509 2 2 0 1 539 541 540
510 2 2 0 1 724 736 526
511 2 2 0 1 510 879 233
512 2 2 0 1 578 579 191
513 2 2 0 1 338 569 563
514 2 2 0 1 96 528 95
515 2 2 0 1 57 388 56
516 2 2 0 1 400 425 424
517 2 2 0 1 305 569 338
518 2 2 0 1 303 569 305
519 2 2 0 1 193 543 153
520 2 2 0 1 515 537 513
521 2 2 0 1 543 544 239
522 2 2 0 1 62 531 61
523 2 2 0 1 158 409 157
524 2 2 0 1 347 572 570
525 2 2 0 1 84 410 83
526 2 2 0 1 239 568 151
527 2 2 0 1 309 701 560
528 2 2 0 1 95 216 94
529 2 2 0 1 337 596 591
530 2 2 0 1 309 560 311
531 2 2 0 1 291 596 337
532 2 2 0 1 570 705 347
533 2 2 0 1 457 530 413
534 2 2 0 1 311 560 340
535 2 2 0 1 227 334 243
536 2 2 0 1 346 585 583
537 2 2 0 1 672 816 814
538 2 2 0 1 346 688 585
539 2 2 0 1 347 687 572
540 2 2 0 1 152 543 239
541 2 2 0 1 585 688 589
542 2 2 0 1 672 814 710
543 2 2 0 1 582 703 443
544 2 2 0 1 82 240 81
545 2 2 0 1 555 560 557
546 2 2 0 1 552 704 549
547 2 2 0 1 152 239 151
548 2 2 0 1 397 401 398
549 2 2 0 1 589 688 337
550 2 2 0 1 156 231 155
551 2 2 0 1 321 582 323
552 2 2 0 1 56 538 55
553 2 2 0 1 55 538 192
554 2 2 0 1 576 578 53
555 2 2 0 1 323 582 342
556 2 2 0 1 583 687 346
557 2 2 0 1 337 591 589
558 2 2 0 1 593 706 696
559 2 2 0 1 151 568 150
560 2 2 0 1 324 587 322
561 2 2 0 1 338 701 307
562 2 2 0 1 54 576 53
563 2 2 0 1 297 687 299
564 2 2 0 1 315 704 552
565 2 2 0 1 289 596 291
566 2 2 0 1 561 701 338
567 2 2 0 1 354 587 324
568 2 2 0 1 579 581 580
569 2 2 0 1 474 475 473
570 2 2 0 1 342 387 385
571 2 2 0 1 539 540 192
572 2 2 0 1 465 767 463
573 2 2 0 1 414 430 354
574 2 2 0 1 414 446 430
575 2 2 0 1 154 193 153
576 2 2 0 1 572 687 583
577 2 2 0 1 579 580 191
578 2 2 0 1 342 582 387
579 2 2 0 1 387 582 443
580 2 2 0 1 569 705 565
581 2 2 0 1 430 588 587
582 2 2 0 1 387 438 422
583 2 2 0 1 58 526 57
584 2 2 0 1 588 702 587
585 2 2 0 1 169 659 658
586 2 2 0 1 488 490 486
587 2 2 0 1 191 700 51
588 2 2 0 1 115 659 169
589 2 2 0 1 153 543 152
590 2 2 0 1 443 444 438
591 2 2 0 1 430 587 354
592 2 2 0 1 438 458 422
593 2 2 0 1 387 443 438
594 2 2 0 1 346 687 297
595 2 2 0 1 299 687 347
596 2 2 0 1 116 659 115
597 2 2 0 1 387 422 385
598 2 2 0 1 50 633 49
599 2 2 0 1 386 574 439
600 2 2 0 1 443 545 444
601 2 2 0 1 190 631 630
602 2 2 0 1 303 705 569
603 2 2 0 1 631 632 630
604 2 2 0 1 696 706 336
605 2 2 0 1 540 577 576
606 2 2 0 1 545 546 444
607 2 2 0 1 560 701 557
608 2 2 0 1 666 674 673
609 2 2 0 1 580 700 191
610 2 2 0 1 495 497 493
611 2 2 0 1 355 414 354
612 2 2 0 1 190 630 629
613 2 2 0 1 653 655 654
614 2 2 0 1 691 700 580
615 2 2 0 1 190 629 48
616 2 2 0 1 116 694 659
617 2 2 0 1 666 692 674
618 2 2 0 1 651 653 650
619 2 2 0 1 48 629 47
620 2 2 0 1 674 692 676
621 2 2 0 1 651 656 653
622 2 2 0 1 190 633 631
623 2 2 0 1 649 660 651
624 2 2 0 1 651 660 657
625 2 2 0 1 49 633 190
626 2 2 0 1 117 694 116
627 2 2 0 1 649 651 650
628 2 2 0 1 414 521 446
629 2 2 0 1 545 547 546
630 2 2 0 1 47 627 46
631 2 2 0 1 189 625 624
632 2 2 0 1 625 626 624
633 2 2 0 1 47 629 627
634 2 2 0 1 633 700 691
635 2 2 0 1 649 650 170
636 2 2 0 1 633 691 631
637 2 2 0 1 547 548 546
638 2 2 0 1 676 692 171
639 2 2 0 1 627 628 625
640 2 2 0 1 189 624 623
641 2 2 0 1 189 623 45
642 2 2 0 1 662 690 171
643 2 2 0 1 655 658 654
644 2 2 0 1 45 623 44
645 2 2 0 1 547 549 548
646 2 2 0 1 652 660 649
647 2 2 0 1 189 627 625
648 2 2 0 1 549 550 548
649 2 2 0 1 557 701 561
650 2 2 0 1 548 551 546
651 2 2 0 1 46 627 189
652 2 2 0 1 648 690 652
653 2 2 0 1 473 575 389
654 2 2 0 1 121 676 171
655 2 2 0 1 122 676 121
656 2 2 0 1 44 621 43
657 2 2 0 1 653 654 650
658 2 2 0 1 549 553 550
659 2 2 0 1 188 619 618
660 2 2 0 1 648 652 649
661 2 2 0 1 619 620 618
662 2 2 0 1 472 473 389
663 2 2 0 1 44 623 621
664 2 2 0 1 123 675 122
665 2 2 0 1 663 664 661
666 2 2 0 1 547 552 549
667 2 2 0 1 648 649 170
668 2 2 0 1 553 554 550
669 2 2 0 1 675 676 122
670 2 2 0 1 652 690 662
671 2 2 0 1 621 622 619
672 2 2 0 1 652 661 660
673 2 2 0 1 188 618 617
674 2 2 0 1 188 617 42
675 2 2 0 1 670 673 669
676 2 2 0 1 681 684 683
677 2 2 0 1 171 692 662
678 2 2 0 1 42 617 41
679 2 2 0 1 172 675 123
680 2 2 0 1 188 621 619
681 2 2 0 1 651 657 656
682 2 2 0 1 43 621 188
683 2 2 0 1 668 670 669
684 2 2 0 1 629 630 628
685 2 2 0 1 41 615 40
686 2 2 0 1 668 669 172
687 2 2 0 1 553 555 554
688 2 2 0 1 187 613 612
689 2 2 0 1 613 614 612
690 2 2 0 1 41 617 615
691 2 2 0 1 681 685 684
692 2 2 0 1 673 674 669
693 2 2 0 1 615 616 613
694 2 2 0 1 187 612 611
695 2 2 0 1 671 672 670
696 2 2 0 1 555 556 554
697 2 2 0 1 187 611 39
698 2 2 0 1 450 456 413
699 2 2 0 1 39 611 38
700 2 2 0 1 187 615 613
701 2 2 0 1 663 665 664
702 2 2 0 1 40 615 187
703 2 2 0 1 555 557 556
704 2 2 0 1 623 624 622
705 2 2 0 1 171 690 120
706 2 2 0 1 119 690 648
707 2 2 0 1 173 678 126
708 2 2 0 1 38 609 37
709 2 2 0 1 591 593 592
710 2 2 0 1 667 677 668
711 2 2 0 1 186 607 606
712 2 2 0 1 591 596 593
713 2 2 0 1 607 608 606
714 2 2 0 1 556 559 554
715 2 2 0 1 667 668 172
716 2 2 0 1 557 558 556
717 2 2 0 1 38 611 609
718 2 2 0 1 669 675 172
719 2 2 0 1 593 594 592
720 2 2 0 1 126 678 125
721 2 2 0 1 609 610 607
722 2 2 0 1 557 561 558
723 2 2 0 1 668 677 671
724 2 2 0 1 589 591 590
725 2 2 0 1 585 589 586
726 2 2 0 1 186 606 605
727 2 2 0 1 186 609 607
728 2 2 0 1 561 562 558
729 2 2 0 1 617 618 616
730 2 2 0 1 37 609 186
731 2 2 0 1 232 604 603
732 2 2 0 1 186 605 36
733 2 2 0 1 36 605 35
734 2 2 0 1 583 585 584
735 2 2 0 1 602 603 600
736 2 2 0 1 125 667 124
737 2 2 0 1 124 667 172
738 2 2 0 1 585 586 584
739 2 2 0 1 232 603 602
740 2 2 0 1 600 601 598
741 2 2 0 1 561 563 562
742 2 2 0 1 591 592 590
743 2 2 0 1 166 602 600
744 2 2 0 1 635 638 637
745 2 2 0 1 605 606 604
746 2 2 0 1 589 590 586
747 2 2 0 1 572 583 573
748 2 2 0 1 599 638 635
749 2 2 0 1 668 671 670
750 2 2 0 1 166 600 598
751 2 2 0 1 570 572 571
752 2 2 0 1 611 612 610
753 2 2 0 1 563 565 564
754 2 2 0 1 599 635 634
755 2 2 0 1 565 570 566
756 2 2 0 1 563 569 565
757 2 2 0 1 634 635 165
758 2 2 0 1 563 564 562
759 2 2 0 1 30 634 165
760 2 2 0 1 642 645 644
761 2 2 0 1 640 645 642
762 2 2 0 1 33 602 166
763 2 2 0 1 34 602 33
764 2 2 0 1 232 602 34
765 2 2 0 1 598 599 597
766 2 2 0 1 565 566 564
767 2 2 0 1 640 642 641
768 2 2 0 1 635 637 636
769 2 2 0 1 166 598 597
770 2 2 0 1 583 584 573
771 2 2 0 1 31 634 30
772 2 2 0 1 572 573 571
773 2 2 0 1 28 641 27
774 2 2 0 1 27 641 164
775 2 2 0 1 570 571 566
776 2 2 0 1 635 636 165
777 2 2 0 1 641 642 164
778 2 2 0 1 636 640 639
779 2 2 0 1 32 597 31
780 2 2 0 1 166 597 32
781 2 2 0 1 564 567 562
782 2 2 0 1 642 644 643
783 2 2 0 1 639 641 28
784 2 2 0 1 636 639 165
785 2 2 0 1 642 643 164
786 2 2 0 1 164 686 26
787 2 2 0 1 165 639 29
788 2 2 0 1 29 639 28
789 2 2 0 1 680 681 163
790 2 2 0 1 643 686 164
791 2 2 0 1 685 686 643
792 2 2 0 1 680 685 681
793 2 2 0 1 25 680 24
794 2 2 0 1 24 680 163
795 2 2 0 1 33 166 32
796 2 2 0 1 35 232 34
797 2 2 0 1 132 646 234
798 2 2 0 1 182 646 133
799 2 2 0 1 130 647 177
800 2 2 0 1 143 185 142
801 2 2 0 1 134 182 133
802 2 2 0 1 137 183 136
803 2 2 0 1 140 184 139
804 2 2 0 1 234 647 131
805 2 2 0 1 132 234 131
806 2 2 0 1 43 188 42
807 2 2 0 1 40 187 39
808 2 2 0 1 46 189 45
809 2 2 0 1 133 646 132
810 2 2 0 1 49 190 48
811 2 2 0 1 37 186 36
812 2 2 0 1 52 191 51
813 2 2 0 1 55 192 54
814 2 2 0 1 130 177 129
815 2 2 0 1 131 647 130
816 2 2 0 1 88 229 87
817 2 2 0 1 90 233 89
818 2 2 0 1 76 219 75
819 2 2 0 1 112 168 111
820 2 2 0 1 115 169 114
821 2 2 0 1 119 648 118
822 2 2 0 1 124 172 123
823 2 2 0 1 127 173 126
824 2 2 0 1 109 167 108
825 2 2 0 1 118 170 117
826 2 2 0 1 121 171 120
827 2 2 0 1 118 648 170
828 2 2 0 1 21 162 20
829 2 2 0 1 27 164 26
830 2 2 0 1 30 165 29
831 2 2 0 1 24 163 23
832 2 2 0 1 680 686 685
833 2 2 0 1 597 634 31
834 2 2 0 1 640 641 639
835 2 2 0 1 26 686 25
836 2 2 0 1 25 686 680
837 2 2 0 1 311 340 313
838 2 2 0 1 599 634 597
839 2 2 0 1 315 316 314
840 2 2 0 1 313 315 314
841 2 2 0 1 314 357 312
842 2 2 0 1 313 314 312
843 2 2 0 1 311 313 312
844 2 2 0 1 311 312 310
845 2 2 0 1 309 311 310
846 2 2 0 1 305 338 307
847 2 2 0 1 35 605 232
848 2 2 0 1 309 310 308
849 2 2 0 1 232 605 604
850 2 2 0 1 307 309 308
851 2 2 0 1 308 363 306
852 2 2 0 1 307 308 306
853 2 2 0 1 305 307 306
854 2 2 0 1 305 306 304
855 2 2 0 1 303 305 304
856 2 2 0 1 303 304 302
857 2 2 0 1 299 347 301
858 2 2 0 1 301 303 302
859 2 2 0 1 302 364 300
860 2 2 0 1 301 302 300
861 2 2 0 1 609 611 610
862 2 2 0 1 125 678 667
863 2 2 0 1 298 380 296
864 2 2 0 1 299 301 300
865 2 2 0 1 299 300 298
866 2 2 0 1 297 299 298
867 2 2 0 1 667 678 677
868 2 2 0 1 295 346 297
869 2 2 0 1 297 298 296
870 2 2 0 1 592 595 590
871 2 2 0 1 291 337 293
872 2 2 0 1 295 297 296
873 2 2 0 1 294 381 292
874 2 2 0 1 380 689 296
875 2 2 0 1 295 296 294
876 2 2 0 1 615 617 616
877 2 2 0 1 295 688 346
878 2 2 0 1 293 295 294
879 2 2 0 1 337 688 293
880 2 2 0 1 294 689 381
881 2 2 0 1 296 689 294
882 2 2 0 1 293 688 295
883 2 2 0 1 293 294 292
884 2 2 0 1 291 293 292
885 2 2 0 1 291 292 290
886 2 2 0 1 289 291 290
887 2 2 0 1 285 336 287
888 2 2 0 1 289 290 288
889 2 2 0 1 621 623 622
890 2 2 0 1 287 289 288
891 2 2 0 1 288 365 286
892 2 2 0 1 120 690 119
893 2 2 0 1 287 288 286
894 2 2 0 1 285 287 286
895 2 2 0 1 674 675 669
896 2 2 0 1 285 286 284
897 2 2 0 1 674 676 675
898 2 2 0 1 662 663 661
899 2 2 0 1 283 285 284
900 2 2 0 1 279 335 281
901 2 2 0 1 283 284 282
902 2 2 0 1 627 629 628
903 2 2 0 1 596 706 593
904 2 2 0 1 281 283 282
905 2 2 0 1 282 366 280
906 2 2 0 1 424 462 399
907 2 2 0 1 663 666 665
908 2 2 0 1 281 282 280
909 2 2 0 1 654 694 650
910 2 2 0 1 681 683 682
911 2 2 0 1 279 281 280
912 2 2 0 1 652 662 661
913 2 2 0 1 279 280 278
914 2 2 0 1 663 692 666
915 2 2 0 1 317 341 319
916 2 2 0 1 681 682 163
917 2 2 0 1 342 385 343
918 2 2 0 1 315 317 316
919 2 2 0 1 662 692 663
920 2 2 0 1 277 279 278
921 2 2 0 1 317 318 316
922 2 2 0 1 273 333 275
923 2 2 0 1 659 694 654
924 2 2 0 1 277 278 276
925 2 2 0 1 320 356 318
926 2 2 0 1 170 694 117
927 2 2 0 1 275 277 276
928 2 2 0 1 276 370 274
929 2 2 0 1 23 695 22
930 2 2 0 1 163 695 23
931 2 2 0 1 275 276 274
932 2 2 0 1 650 694 170
933 2 2 0 1 273 275 274
934 2 2 0 1 359 435 358
935 2 2 0 1 414 575 521
936 2 2 0 1 682 695 163
937 2 2 0 1 593 696 594
938 2 2 0 1 273 274 272
939 2 2 0 1 317 319 318
940 2 2 0 1 321 703 582
941 2 2 0 1 51 700 50
942 2 2 0 1 271 273 272
943 2 2 0 1 22 679 21
944 2 2 0 1 21 679 162
945 2 2 0 1 267 332 269
946 2 2 0 1 319 320 318
947 2 2 0 1 658 659 654
948 2 2 0 1 271 272 270
949 2 2 0 1 265 693 267
950 2 2 0 1 267 693 332
951 2 2 0 1 269 271 270
952 2 2 0 1 22 695 679
953 2 2 0 1 192 576 54
954 2 2 0 1 50 700 633
955 2 2 0 1 270 372 268
956 2 2 0 1 587 702 322
957 2 2 0 1 269 270 268
958 2 2 0 1 319 321 320
959 2 2 0 1 682 697 695
960 2 2 0 1 321 322 320
961 2 2 0 1 267 269 268
962 2 2 0 1 289 706 596
963 2 2 0 1 577 578 576
964 2 2 0 1 501 502 496
965 2 2 0 1 386 439 420
966 2 2 0 1 313 704 315
967 2 2 0 1 695 697 679
968 2 2 0 1 301 705 303
969 2 2 0 1 496 698 495
970 2 2 0 1 326 354 324
971 2 2 0 1 267 268 266
972 2 2 0 1 287 706 289
973 2 2 0 1 355 575 414
974 2 2 0 1 323 324 322
975 2 2 0 1 265 267 266
976 2 2 0 1 261 331 263
977 2 2 0 1 321 323 322
978 2 2 0 1 323 342 325
979 2 2 0 1 320 702 356
980 2 2 0 1 502 698 496
981 2 2 0 1 341 703 319
982 2 2 0 1 385 574 386
983 2 2 0 1 422 574 385
984 2 2 0 1 322 702 320
985 2 2 0 1 385 386 343
986 2 2 0 1 265 266 264
987 2 2 0 1 319 703 321
988 2 2 0 1 502 699 698
989 2 2 0 1 263 265 264
990 2 2 0 1 507 835 205
991 2 2 0 1 439 448 420
992 2 2 0 1 76 707 219
993 2 2 0 1 77 707 76
994 2 2 0 1 264 373 262
995 2 2 0 1 340 704 313
996 2 2 0 1 347 705 301
997 2 2 0 1 336 706 287
998 2 2 0 1 326 355 354
999 2 2 0 1 494 495 493
1000 2 2 0 1 263 264 262
1001 2 2 0 1 18 212 17
1002 2 2 0 1 472 474 473
1003 2 2 0 1 500 501 496
1004 2 2 0 1 146 204 145
1005 2 2 0 1 342 343 325
1006 2 2 0 1 494 496 495
1007 2 2 0 1 670 710 673
1008 2 2 0 1 261 263 262
1009 2 2 0 1 494 500 496
1010 2 2 0 1 386 419 343
1011 2 2 0 1 431 536 481
1012 2 2 0 1 200 208 207
1013 2 2 0 1 323 325 324
1014 2 2 0 1 540 576 192
1015 2 2 0 1 261 262 260
1016 2 2 0 1 389 575 355
1017 2 2 0 1 386 420 419
1018 2 2 0 1 147 708 146
1019 2 2 0 1 412 413 404
1020 2 2 0 1 325 326 324
1021 2 2 0 1 326 361 355
1022 2 2 0 1 78 378 77
1023 2 2 0 1 492 493 491
1024 2 2 0 1 361 389 355
1025 2 2 0 1 400 424 399
1026 2 2 0 1 805 808 365
1027 2 2 0 1 255 328 257
1028 2 2 0 1 259 261 260
1029 2 2 0 1 492 494 493
1030 2 2 0 1 771 775 212
1031 2 2 0 1 415 472 389
1032 2 2 0 1 148 379 147
1033 2 2 0 1 290 713 288
1034 2 2 0 1 361 415 389
1035 2 2 0 1 489 491 488
1036 2 2 0 1 420 437 419
1037 2 2 0 1 259 260 258
1038 2 2 0 1 343 709 325
1039 2 2 0 1 325 709 326
1040 2 2 0 1 672 710 670
1041 2 2 0 1 378 707 77
1042 2 2 0 1 489 503 492
1043 2 2 0 1 257 259 258
1044 2 2 0 1 146 708 204
1045 2 2 0 1 713 805 365
1046 2 2 0 1 258 369 256
1047 2 2 0 1 489 492 491
1048 2 2 0 1 419 709 343
1049 2 2 0 1 326 709 361
1050 2 2 0 1 257 258 256
1051 2 2 0 1 521 771 212
1052 2 2 0 1 177 837 831
1053 2 2 0 1 379 708 147
1054 2 2 0 1 487 488 486
1055 2 2 0 1 168 889 500
1056 2 2 0 1 129 719 128
1057 2 2 0 1 255 257 256
1058 2 2 0 1 383 392 391
1059 2 2 0 1 375 725 248
1060 2 2 0 1 419 714 709
1061 2 2 0 1 487 489 488
1062 2 2 0 1 255 256 254
1063 2 2 0 1 217 248 218
1064 2 2 0 1 709 714 361
1065 2 2 0 1 288 713 365
1066 2 2 0 1 647 837 177
1067 2 2 0 1 249 327 251
1068 2 2 0 1 212 770 521
1069 2 2 0 1 253 255 254
1070 2 2 0 1 252 351 250
1071 2 2 0 1 526 736 388
1072 2 2 0 1 437 718 714
1073 2 2 0 1 284 723 282
1074 2 2 0 1 714 718 415
1075 2 2 0 1 407 735 505
1076 2 2 0 1 400 467 425
1077 2 2 0 1 431 481 432
1078 2 2 0 1 437 714 419
1079 2 2 0 1 238 358 237
1080 2 2 0 1 647 840 837
1081 2 2 0 1 425 716 455
1082 2 2 0 1 736 768 542
1083 2 2 0 1 180 526 58
1084 2 2 0 1 361 714 415
1085 2 2 0 1 253 254 252
1086 2 2 0 1 334 345 344
1087 2 2 0 1 432 725 375
1088 2 2 0 1 177 831 719
1089 2 2 0 1 208 217 209
1090 2 2 0 1 544 737 239
1091 2 2 0 1 345 367 344
1092 2 2 0 1 351 732 250
1093 2 2 0 1 214 225 223
1094 2 2 0 1 451 533 403
1095 2 2 0 1 227 731 334
1096 2 2 0 1 441 469 468
1097 2 2 0 1 234 840 647
1098 2 2 0 1 483 485 484
1099 2 2 0 1 468 478 442
1100 2 2 0 1 485 487 486
1101 2 2 0 1 251 253 252
1102 2 2 0 1 816 823 336
1103 2 2 0 1 234 841 840
1104 2 2 0 1 485 486 484
1105 2 2 0 1 278 730 276
1106 2 2 0 1 177 719 129
1107 2 2 0 1 200 207 196
1108 2 2 0 1 242 726 226
1109 2 2 0 1 161 350 228
1110 2 2 0 1 813 815 366
1111 2 2 0 1 251 252 250
1112 2 2 0 1 412 450 413
1113 2 2 0 1 646 841 234
1114 2 2 0 1 248 249 218
1115 2 2 0 1 441 442 434
1116 2 2 0 1 595 836 828
1117 2 2 0 1 395 396 394
1118 2 2 0 1 383 391 382
1119 2 2 0 1 249 251 250
1120 2 2 0 1 646 843 841
1121 2 2 0 1 282 723 366
1122 2 2 0 1 136 738 135
1123 2 2 0 1 334 731 384
1124 2 2 0 1 500 903 168
1125 2 2 0 1 208 209 207
1126 2 2 0 1 727 733 371
1127 2 2 0 1 210 352 348
1128 2 2 0 1 400 722 467
1129 2 2 0 1 272 739 270
1130 2 2 0 1 225 238 237
1131 2 2 0 1 412 741 480
1132 2 2 0 1 94 519 93
1133 2 2 0 1 594 827 822
1134 2 2 0 1 217 218 209
1135 2 2 0 1 392 394 393
1136 2 2 0 1 225 237 223
1137 2 2 0 1 182 843 646
1138 2 2 0 1 368 404 403
1139 2 2 0 1 368 412 404
1140 2 2 0 1 404 451 403
1141 2 2 0 1 249 250 218
1142 2 2 0 1 777 790 697
1143 2 2 0 1 441 468 442
1144 2 2 0 1 424 746 462
1145 2 2 0 1 431 432 375
1146 2 2 0 1 527 760 483
1147 2 2 0 1 723 813 366
1148 2 2 0 1 182 844 843
1149 2 2 0 1 265 743 693
1150 2 2 0 1 249 725 327
1151 2 2 0 1 331 743 263
1152 2 2 0 1 139 744 138
1153 2 2 0 1 368 403 367
1154 2 2 0 1 398 400 399
1155 2 2 0 1 780 791 683
1156 2 2 0 1 266 745 264
1157 2 2 0 1 412 480 450
1158 2 2 0 1 481 482 432
1159 2 2 0 1 358 436 237
1160 2 2 0 1 440 441 434
1161 2 2 0 1 209 423 207
1162 2 2 0 1 433 509 428
1163 2 2 0 1 511 874 421
1164 2 2 0 1 429 440 434
1165 2 2 0 1 498 499 411
1166 2 2 0 1 357 781 684
1167 2 2 0 1 503 915 168
1168 2 2 0 1 11 160 73
1169 2 2 0 1 91 159 14
1170 2 2 0 1 820 821 370
1171 2 2 0 1 394 449 393
1172 2 2 0 1 339 735 407
1173 2 2 0 1 142 749 141
1174 2 2 0 1 684 782 357
1175 2 2 0 1 483 760 485
1176 2 2 0 1 276 730 370
1177 2 2 0 1 168 903 503
1178 2 2 0 1 238 359 358
1179 2 2 0 1 248 725 249
1180 2 2 0 1 65 728 64
1181 2 2 0 1 345 368 367
1182 2 2 0 1 222 731 227
1183 2 2 0 1 392 393 391
1184 2 2 0 1 434 717 433
1185 2 2 0 1 442 717 434
1186 2 2 0 1 535 757 67
1187 2 2 0 1 260 748 258
1188 2 2 0 1 462 742 399
1189 2 2 0 1 476 886 11
1190 2 2 0 1 334 384 345
1191 2 2 0 1 180 724 526
1192 2 2 0 1 463 464 247
1193 2 2 0 1 224 418 417
1194 2 2 0 1 429 434 433
1195 2 2 0 1 159 174 14
1196 2 2 0 1 11 214 160
1197 2 2 0 1 449 461 393
1198 2 2 0 1 767 904 463
1199 2 2 0 1 145 753 144
1200 2 2 0 1 433 717 510
1201 2 2 0 1 207 724 196
1202 2 2 0 1 433 510 509
1203 2 2 0 1 449 507 461
1204 2 2 0 1 183 850 847
1205 2 2 0 1 397 398 396
1206 2 2 0 1 239 737 568
1207 2 2 0 1 401 722 398
1208 2 2 0 1 63 756 245
1209 2 2 0 1 66 353 65
1210 2 2 0 1 183 738 136
1211 2 2 0 1 447 471 401
1212 2 2 0 1 270 739 372
1213 2 2 0 1 730 820 370
1214 2 2 0 1 729 859 445
1215 2 2 0 1 367 767 344
1216 2 2 0 1 330 382 349
1217 2 2 0 1 825 829 372
1218 2 2 0 1 235 330 236
1219 2 2 0 1 423 724 207
1220 2 2 0 1 175 176 174
1221 2 2 0 1 202 235 211
1222 2 2 0 1 506 852 231
1223 2 2 0 1 196 724 180
1224 2 2 0 1 214 223 215
1225 2 2 0 1 7 905 71
1226 2 2 0 1 437 765 718
1227 2 2 0 1 378 772 707
1228 2 2 0 1 250 732 218
1229 2 2 0 1 178 179 176
1230 2 2 0 1 398 722 400
1231 2 2 0 1 236 371 211
1232 2 2 0 1 254 750 252
1233 2 2 0 1 202 210 199
1234 2 2 0 1 198 199 195
1235 2 2 0 1 194 195 179
1236 2 2 0 1 363 785 645
1237 2 2 0 1 398 399 396
1238 2 2 0 1 194 201 198
1239 2 2 0 1 543 765 544
1240 2 2 0 1 74 508 476
1241 2 2 0 1 218 732 209
1242 2 2 0 1 645 787 363
1243 2 2 0 1 263 743 265
1244 2 2 0 1 237 734 223
1245 2 2 0 1 184 744 139
1246 2 2 0 1 209 732 423
1247 2 2 0 1 184 855 853
1248 2 2 0 1 715 778 100
1249 2 2 0 1 832 838 373
1250 2 2 0 1 264 745 373
1251 2 2 0 1 455 746 424
1252 2 2 0 1 475 771 473
1253 2 2 0 1 471 722 401
1254 2 2 0 1 183 847 738
1255 2 2 0 1 159 175 174
1256 2 2 0 1 429 433 428
1257 2 2 0 1 97 755 454
1258 2 2 0 1 214 215 160
1259 2 2 0 1 394 742 449
1260 2 2 0 1 330 349 236
1261 2 2 0 1 149 766 148
1262 2 2 0 1 235 236 211
1263 2 2 0 1 382 416 349
1264 2 2 0 1 175 178 176
1265 2 2 0 1 399 742 396
1266 2 2 0 1 830 833 369
1267 2 2 0 1 739 825 372
1268 2 2 0 1 202 211 210
1269 2 2 0 1 210 733 352
1270 2 2 0 1 176 759 174
1271 2 2 0 1 178 194 179
1272 2 2 0 1 198 202 199
1273 2 2 0 1 575 771 521
1274 2 2 0 1 185 749 142
1275 2 2 0 1 446 776 430
1276 2 2 0 1 92 720 91
1277 2 2 0 1 194 198 195
1278 2 2 0 1 396 742 394
1279 2 2 0 1 162 773 20
1280 2 2 0 1 368 741 412
1281 2 2 0 1 18 770 212
1282 2 2 0 1 223 224 215
1283 2 2 0 1 258 748 369
1284 2 2 0 1 17 775 16
1285 2 2 0 1 9 756 63
1286 2 2 0 1 364 789 638
1287 2 2 0 1 185 858 856
1288 2 2 0 1 178 740 194
1289 2 2 0 1 588 777 702
1290 2 2 0 1 638 793 364
1291 2 2 0 1 436 734 237
1292 2 2 0 1 417 465 463
1293 2 2 0 1 656 798 332
1294 2 2 0 1 67 757 8
1295 2 2 0 1 356 780 318
1296 2 2 0 1 418 729 417
1297 2 2 0 1 206 759 176
1298 2 2 0 1 314 781 357
1299 2 2 0 1 464 764 247
1300 2 2 0 1 441 772 469
1301 2 2 0 1 345 741 368
1302 2 2 0 1 644 782 643
1303 2 2 0 1 685 782 684
1304 2 2 0 1 542 810 539
1305 2 2 0 1 224 734 418
1306 2 2 0 1 353 728 65
1307 2 2 0 1 73 752 72
1308 2 2 0 1 384 741 345
1309 2 2 0 1 99 329 98
1310 2 2 0 1 184 853 744
1311 2 2 0 1 357 784 312
1312 2 2 0 1 417 729 465
1313 2 2 0 1 371 733 211
1314 2 2 0 1 308 785 363
1315 2 2 0 1 768 810 542
1316 2 2 0 1 252 750 351
1317 2 2 0 1 211 733 210
1318 2 2 0 1 640 787 645
1319 2 2 0 1 637 787 636
1320 2 2 0 1 380 794 601
1321 2 2 0 1 204 753 145
1322 2 2 0 1 745 832 373
1323 2 2 0 1 601 797 380
1324 2 2 0 1 363 788 306
1325 2 2 0 1 725 762 327
1326 2 2 0 1 302 789 364
1327 2 2 0 1 194 740 201
1328 2 2 0 1 223 734 224
1329 2 2 0 1 679 790 162
1330 2 2 0 1 5 755 97
1331 2 2 0 1 601 793 598
1332 2 2 0 1 599 793 638
1333 2 2 0 1 682 791 697
1334 2 2 0 1 266 834 745
1335 2 2 0 1 272 824 739
1336 2 2 0 1 333 803 664
1337 2 2 0 1 364 794 300
1338 2 2 0 1 298 794 380
1339 2 2 0 1 278 817 730
1340 2 2 0 1 64 756 9
1341 2 2 0 1 284 811 723
1342 2 2 0 1 202 747 235
1343 2 2 0 1 664 806 333
1344 2 2 0 1 600 797 601
1345 2 2 0 1 260 839 748
1346 2 2 0 1 290 802 713
1347 2 2 0 1 254 826 750
1348 2 2 0 1 100 778 99
1349 2 2 0 1 332 798 269
1350 2 2 0 1 204 865 861
1351 2 2 0 1 8 757 66
1352 2 2 0 1 708 866 865
1353 2 2 0 1 273 800 333
1354 2 2 0 1 484 762 482
1355 2 2 0 1 608 801 606
1356 2 2 0 1 753 862 144
1357 2 2 0 1 660 803 657
1358 2 2 0 1 91 720 159
1359 2 2 0 1 664 803 661
1360 2 2 0 1 381 802 292
1361 2 2 0 1 713 802 608
1362 2 2 0 1 712 769 376
1363 2 2 0 1 511 883 712
1364 2 2 0 1 749 857 141
1365 2 2 0 1 607 805 608
1366 2 2 0 1 427 428 377
1367 2 2 0 1 185 856 749
1368 2 2 0 1 708 865 204
1369 2 2 0 1 427 429 428
1370 2 2 0 1 333 806 275
1371 2 2 0 1 201 747 198
1372 2 2 0 1 710 812 673
1373 2 2 0 1 744 854 138
1374 2 2 0 1 614 808 612
1375 2 2 0 1 279 809 335
1376 2 2 0 1 482 762 432
1377 2 2 0 1 490 818 486
1378 2 2 0 1 253 807 255
1379 2 2 0 1 738 846 135
1380 2 2 0 1 666 812 665
1381 2 2 0 1 365 811 286
1382 2 2 0 1 335 812 710
1383 2 2 0 1 723 811 614
1384 2 2 0 1 613 813 614
1385 2 2 0 1 608 805 713
1386 2 2 0 1 748 830 369
1387 2 2 0 1 579 830 581
1388 2 2 0 1 335 814 281
1389 2 2 0 1 236 754 371
1390 2 2 0 1 417 463 247
1391 2 2 0 1 620 815 618
1392 2 2 0 1 719 828 128
1393 2 2 0 1 285 816 336
1394 2 2 0 1 461 763 393
1395 2 2 0 1 710 814 335
1396 2 2 0 1 366 817 280
1397 2 2 0 1 730 817 620
1398 2 2 0 1 160 752 73
1399 2 2 0 1 16 775 758
1400 2 2 0 1 619 820 620
1401 2 2 0 1 98 755 5
1402 2 2 0 1 626 821 624
1403 2 2 0 1 224 247 215
1404 2 2 0 1 453 910 452
1405 2 2 0 1 678 822 677
1406 2 2 0 1 224 417 247
1407 2 2 0 1 238 360 359
1408 2 2 0 1 625 825 626
1409 2 2 0 1 370 824 274
1410 2 2 0 1 739 824 626
1411 2 2 0 1 349 754 236
1412 2 2 0 1 379 866 708
1413 2 2 0 1 632 829 630
1414 2 2 0 1 198 747 202
1415 2 2 0 1 127 828 173
1416 2 2 0 1 408 767 367
1417 2 2 0 1 595 828 719
1418 2 2 0 1 631 832 632
1419 2 2 0 1 541 833 540
1420 2 2 0 1 614 813 723
1421 2 2 0 1 159 241 175
1422 2 2 0 1 432 762 725
1423 2 2 0 1 595 831 590
1424 2 2 0 1 409 842 157
1425 2 2 0 1 429 783 440
1426 2 2 0 1 372 834 268
1427 2 2 0 1 480 919 908
1428 2 2 0 1 344 873 243
1429 2 2 0 1 745 834 632
1430 2 2 0 1 359 769 435
1431 2 2 0 1 156 842 231
1432 2 2 0 1 193 765 543
1433 2 2 0 1 581 838 580
1434 2 2 0 1 369 826 256
1435 2 2 0 1 373 839 262
1436 2 2 0 1 406 867 721
1437 2 2 0 1 728 756 64
1438 2 2 0 1 72 390 7
1439 2 2 0 1 564 844 567
1440 2 2 0 1 719 831 595
1441 2 2 0 1 231 852 155
1442 2 2 0 1 567 846 738
1443 2 2 0 1 748 839 581
1444 2 2 0 1 134 846 182
1445 2 2 0 1 620 820 730
1446 2 2 0 1 567 847 562
1447 2 2 0 1 154 852 193
1448 2 2 0 1 393 763 391
1449 2 2 0 1 423 768 736
1450 2 2 0 1 556 850 559
1451 2 2 0 1 204 861 753
1452 2 2 0 1 559 854 744
1453 2 2 0 1 225 751 238
1454 2 2 0 1 148 766 379
1455 2 2 0 1 908 919 213
1456 2 2 0 1 756 851 245
1457 2 2 0 1 137 854 183
1458 2 2 0 1 559 853 554
1459 2 2 0 1 351 768 732
1460 2 2 0 1 772 907 707
1461 2 2 0 1 672 823 816
1462 2 2 0 1 551 857 749
1463 2 2 0 1 750 826 541
1464 2 2 0 1 548 855 551
1465 2 2 0 1 66 757 353
1466 2 2 0 1 93 519 406
1467 2 2 0 1 732 768 423
1468 2 2 0 1 551 856 546
1469 2 2 0 1 140 857 184
1470 2 2 0 1 626 825 739
1471 2 2 0 1 360 376 359
1472 2 2 0 1 438 858 458
1473 2 2 0 1 458 862 753
1474 2 2 0 1 458 861 422
1475 2 2 0 1 143 862 185
1476 2 2 0 1 19 770 18
1477 2 2 0 1 435 870 358
1478 2 2 0 1 473 771 575
1479 2 2 0 1 581 830 748
1480 2 2 0 1 655 895 880
1481 2 2 0 1 19 773 770
1482 2 2 0 1 532 779 478
1483 2 2 0 1 20 773 19
1484 2 2 0 1 632 832 745
1485 2 2 0 1 78 863 378
1486 2 2 0 1 212 775 17
1487 2 2 0 1 430 776 588
1488 2 2 0 1 535 819 757
1489 2 2 0 1 449 835 507
1490 2 2 0 1 738 847 567
1491 2 2 0 1 426 427 377
1492 2 2 0 1 440 772 441
1493 2 2 0 1 174 421 14
1494 2 2 0 1 702 777 356
1495 2 2 0 1 520 845 384
1496 2 2 0 1 251 860 253
1497 2 2 0 1 360 426 377
1498 2 2 0 1 259 871 261
1499 2 2 0 1 175 761 178
1500 2 2 0 1 459 786 517
1501 2 2 0 1 150 892 2
1502 2 2 0 1 178 761 740
1503 2 2 0 1 1 893 158
1504 2 2 0 1 769 804 435
1505 2 2 0 1 2 892 149
1506 2 2 0 1 318 780 316
1507 2 2 0 1 15 893 1
1508 2 2 0 1 351 810 768
1509 2 2 0 1 744 853 559
1510 2 2 0 1 780 781 316
1511 2 2 0 1 13 894 84
1512 2 2 0 1 507 881 461
1513 2 2 0 1 85 894 13
1514 2 2 0 1 316 781 314
1515 2 2 0 1 162 790 776
1516 2 2 0 1 169 875 114
1517 2 2 0 1 88 879 229
1518 2 2 0 1 233 879 89
1519 2 2 0 1 488 877 490
1520 2 2 0 1 456 774 457
1521 2 2 0 1 697 791 777
1522 2 2 0 1 643 782 685
1523 2 2 0 1 408 904 767
1524 2 2 0 1 749 856 551
1525 2 2 0 1 360 377 376
1526 2 2 0 1 493 884 491
1527 2 2 0 1 765 911 718
1528 2 2 0 1 312 784 310
1529 2 2 0 1 743 895 693
1530 2 2 0 1 534 804 206
1531 2 2 0 1 594 836 592
1532 2 2 0 1 376 769 359
1533 2 2 0 1 784 785 310
1534 2 2 0 1 244 864 715
1535 2 2 0 1 310 785 308
1536 2 2 0 1 772 901 469
1537 2 2 0 1 112 889 168
1538 2 2 0 1 490 860 818
1539 2 2 0 1 452 910 754
1540 2 2 0 1 425 876 716
1541 2 2 0 1 353 774 728
1542 2 2 0 1 215 764 160
1543 2 2 0 1 636 787 640
1544 2 2 0 1 753 861 458
1545 2 2 0 1 868 883 759
1546 2 2 0 1 462 835 742
1547 2 2 0 1 159 720 241
1548 2 2 0 1 329 755 98
1549 2 2 0 1 533 796 408
1550 2 2 0 1 762 818 327
1551 2 2 0 1 418 859 729
1552 2 2 0 1 168 915 111
1553 2 2 0 1 495 917 497
1554 2 2 0 1 306 788 304
1555 2 2 0 1 174 759 421
1556 2 2 0 1 229 918 87
1557 2 2 0 1 788 789 304
1558 2 2 0 1 304 789 302
1559 2 2 0 1 494 903 500
1560 2 2 0 1 427 783 429
1561 2 2 0 1 697 790 679
1562 2 2 0 1 448 909 420
1563 2 2 0 1 758 775 475
1564 2 2 0 1 683 791 682
1565 2 2 0 1 503 903 492
1566 2 2 0 1 598 793 599
1567 2 2 0 1 72 752 390
1568 2 2 0 1 374 885 459
1569 2 2 0 1 371 910 727
1570 2 2 0 1 300 794 298
1571 2 2 0 1 699 895 743
1572 2 2 0 1 693 795 332
1573 2 2 0 1 603 797 600
1574 2 2 0 1 603 799 797
1575 2 2 0 1 241 761 175
1576 2 2 0 1 269 798 271
1577 2 2 0 1 80 897 12
1578 2 2 0 1 604 799 603
1579 2 2 0 1 99 778 329
1580 2 2 0 1 751 886 476
1581 2 2 0 1 440 907 772
1582 2 2 0 1 798 800 271
1583 2 2 0 1 247 764 215
1584 2 2 0 1 12 897 79
1585 2 2 0 1 604 801 799
1586 2 2 0 1 271 800 273
1587 2 2 0 1 336 823 696
1588 2 2 0 1 606 801 604
1589 2 2 0 1 823 827 696
1590 2 2 0 1 696 827 594
1591 2 2 0 1 292 802 290
1592 2 2 0 1 661 803 660
1593 2 2 0 1 238 751 360
1594 2 2 0 1 160 764 752
1595 2 2 0 1 610 805 607
1596 2 2 0 1 592 836 595
1597 2 2 0 1 275 806 277
1598 2 2 0 1 255 807 328
1599 2 2 0 1 610 808 805
1600 2 2 0 1 806 809 277
1601 2 2 0 1 612 808 610
1602 2 2 0 1 410 894 532
1603 2 2 0 1 277 809 279
1604 2 2 0 1 471 867 519
1605 2 2 0 1 406 887 6
1606 2 2 0 1 286 811 284
1607 2 2 0 1 673 812 666
1608 2 2 0 1 616 813 613
1609 2 2 0 1 484 818 762
1610 2 2 0 1 382 882 416
1611 2 2 0 1 281 814 283
1612 2 2 0 1 616 815 813
1613 2 2 0 1 529 896 416
1614 2 2 0 1 814 816 283
1615 2 2 0 1 618 815 616
1616 2 2 0 1 436 792 734
1617 2 2 0 1 283 816 285
1618 2 2 0 1 384 845 741
1619 2 2 0 1 786 870 435
1620 2 2 0 1 378 901 772
1621 2 2 0 1 776 790 588
1622 2 2 0 1 280 817 278
1623 2 2 0 1 11 886 214
1624 2 2 0 1 622 820 619
1625 2 2 0 1 193 911 765
1626 2 2 0 1 486 818 484
1627 2 2 0 1 622 821 820
1628 2 2 0 1 777 791 356
1629 2 2 0 1 471 902 722
1630 2 2 0 1 783 899 219
1631 2 2 0 1 624 821 622
1632 2 2 0 1 779 918 229
1633 2 2 0 1 577 830 579
1634 2 2 0 1 360 751 426
1635 2 2 0 1 173 822 678
1636 2 2 0 1 720 721 241
1637 2 2 0 1 577 833 830
1638 2 2 0 1 671 823 672
1639 2 2 0 1 274 824 272
1640 2 2 0 1 628 825 625
1641 2 2 0 1 206 868 759
1642 2 2 0 1 671 827 823
1643 2 2 0 1 426 899 427
1644 2 2 0 1 628 829 825
1645 2 2 0 1 528 876 467
1646 2 2 0 1 256 826 254
1647 2 2 0 1 677 827 671
1648 2 2 0 1 128 828 127
1649 2 2 0 1 630 829 628
1650 2 2 0 1 590 831 586
1651 2 2 0 1 691 832 631
1652 2 2 0 1 540 833 577
1653 2 2 0 1 691 838 832
1654 2 2 0 1 268 834 266
1655 2 2 0 1 831 837 586
1656 2 2 0 1 758 893 15
1657 2 2 0 1 416 896 349
1658 2 2 0 1 757 819 353
1659 2 2 0 1 233 874 511
1660 2 2 0 1 586 837 584
1661 2 2 0 1 580 838 691
1662 2 2 0 1 837 840 584
1663 2 2 0 1 734 792 418
1664 2 2 0 1 490 877 807
1665 2 2 0 1 262 839 260
1666 2 2 0 1 584 840 573
1667 2 2 0 1 750 810 351
1668 2 2 0 1 840 841 573
1669 2 2 0 1 524 890 230
1670 2 2 0 1 573 841 571
1671 2 2 0 1 454 876 528
1672 2 2 0 1 841 843 571
1673 2 2 0 1 741 845 480
1674 2 2 0 1 571 843 566
1675 2 2 0 1 157 842 156
1676 2 2 0 1 843 844 566
1677 2 2 0 1 728 851 756
1678 2 2 0 1 566 844 564
1679 2 2 0 1 765 909 544
1680 2 2 0 1 763 882 391
1681 2 2 0 1 6 887 92
1682 2 2 0 1 135 846 134
1683 2 2 0 1 464 848 764
1684 2 2 0 1 562 847 558
1685 2 2 0 1 733 869 352
1686 2 2 0 1 746 912 462
1687 2 2 0 1 847 850 558
1688 2 2 0 1 558 850 556
1689 2 2 0 1 155 852 154
1690 2 2 0 1 742 835 449
1691 2 2 0 1 203 900 524
1692 2 2 0 1 554 853 550
1693 2 2 0 1 138 854 137
1694 2 2 0 1 853 855 550
1695 2 2 0 1 230 878 535
1696 2 2 0 1 727 869 733
1697 2 2 0 1 822 836 594
1698 2 2 0 1 550 855 548
1699 2 2 0 1 546 856 444
1700 2 2 0 1 141 857 140
1701 2 2 0 1 497 917 871
1702 2 2 0 1 856 858 444
1703 2 2 0 1 447 867 471
1704 2 2 0 1 818 860 327
1705 2 2 0 1 203 913 900
1706 2 2 0 1 795 895 655
1707 2 2 0 1 499 869 727
1708 2 2 0 1 444 858 438
1709 2 2 0 1 848 849 390
1710 2 2 0 1 144 862 143
1711 2 2 0 1 422 861 574
1712 2 2 0 1 469 901 470
1713 2 2 0 1 79 863 78
1714 2 2 0 1 466 882 763
1715 2 2 0 1 327 860 251
1716 2 2 0 1 861 865 574
1717 2 2 0 1 353 819 774
1718 2 2 0 1 225 886 751
1719 2 2 0 1 865 866 439
1720 2 2 0 1 574 865 439
1721 2 2 0 1 518 912 746
1722 2 2 0 1 439 866 448
1723 2 2 0 1 459 870 786
1724 2 2 0 1 459 885 870
1725 2 2 0 1 245 888 531
1726 2 2 0 1 524 900 890
1727 2 2 0 1 819 878 457
1728 2 2 0 1 243 873 362
1729 2 2 0 1 519 867 406
1730 2 2 0 1 655 880 658
1731 2 2 0 1 764 848 752
1732 2 2 0 1 712 883 868
1733 2 2 0 1 769 868 804
1734 2 2 0 1 437 909 765
1735 2 2 0 1 445 872 498
1736 2 2 0 1 851 888 245
1737 2 2 0 1 774 819 457
1738 2 2 0 1 230 890 878
1739 2 2 0 1 531 908 213
1740 2 2 0 1 261 871 331
1741 2 2 0 1 498 869 499
1742 2 2 0 1 761 914 460
1743 2 2 0 1 535 878 819
1744 2 2 0 1 331 917 698
1745 2 2 0 1 880 891 658
1746 2 2 0 1 774 851 728
1747 2 2 0 1 880 895 699
1748 2 2 0 1 328 906 257
1749 2 2 0 1 456 888 851
1750 2 2 0 1 379 898 866
1751 2 2 0 1 358 870 436
1752 2 2 0 1 257 906 259
1753 2 2 0 1 114 875 113
1754 2 2 0 1 86 918 532
1755 2 2 0 1 752 848 390
1756 2 2 0 1 491 877 488
1757 2 2 0 1 467 876 425
1758 2 2 0 1 90 874 233
1759 2 2 0 1 452 896 529
1760 2 2 0 1 658 891 169
1761 2 2 0 1 89 879 88
1762 2 2 0 1 173 836 822
1763 2 2 0 1 502 880 699
1764 2 2 0 1 457 878 530
1765 2 2 0 1 213 919 523
1766 2 2 0 1 716 916 455
1767 2 2 0 1 3 881 105
1768 2 2 0 1 888 908 531
1769 2 2 0 1 875 889 113
1770 2 2 0 1 721 887 406
1771 2 2 0 1 852 911 193
1772 2 2 0 1 456 851 774
1773 2 2 0 1 878 890 530
1774 2 2 0 1 497 884 493
1775 2 2 0 1 715 864 778
1776 2 2 0 1 502 891 880
1777 2 2 0 1 241 914 761
1778 2 2 0 1 530 890 451
1779 2 2 0 1 863 901 378
1780 2 2 0 1 214 886 225
1781 2 2 0 1 149 892 766
1782 2 2 0 1 391 882 382
1783 2 2 0 1 329 916 716
1784 2 2 0 1 113 889 112
1785 2 2 0 1 792 859 418
1786 2 2 0 1 205 912 518
1787 2 2 0 1 804 868 206
1788 2 2 0 1 158 893 409
1789 2 2 0 1 84 894 410
1790 2 2 0 1 568 892 150
1791 2 2 0 1 501 891 502
1792 2 2 0 1 462 912 835
1793 2 2 0 1 450 888 456
1794 2 2 0 1 720 887 721
1795 2 2 0 1 707 907 219
1796 2 2 0 1 870 885 436
1797 2 2 0 1 409 893 758
1798 2 2 0 1 807 877 328
1799 2 2 0 1 722 902 467
1800 2 2 0 1 890 900 451
1801 2 2 0 1 492 903 494
1802 2 2 0 1 796 913 849
1803 2 2 0 1 92 887 720
1804 2 2 0 1 451 900 533
1805 2 2 0 1 712 868 769
1806 2 2 0 1 420 909 437
1807 2 2 0 1 374 920 885
1808 2 2 0 1 450 908 888
1809 2 2 0 1 448 898 737
1810 2 2 0 1 111 915 110
1811 2 2 0 1 698 917 495
1812 2 2 0 1 754 896 452
1813 2 2 0 1 87 918 86
1814 2 2 0 1 532 918 779
1815 2 2 0 1 480 908 450
1816 2 2 0 1 900 913 533
1817 2 2 0 1 849 913 203
1818 2 2 0 1 718 911 506
1819 2 2 0 1 783 907 440
1820 2 2 0 1 463 904 464
1821 2 2 0 1 849 905 390
1822 2 2 0 1 766 892 568
1823 2 2 0 1 349 896 754
1824 2 2 0 1 759 883 421
1825 2 2 0 1 835 912 205
1826 2 2 0 1 863 897 470
1827 2 2 0 1 754 910 371
1828 2 2 0 1 436 885 792
1829 2 2 0 1 778 916 329
1830 2 2 0 1 427 899 783
1831 2 2 0 1 859 872 445
1832 2 2 0 1 464 904 796
1833 2 2 0 1 693 895 795
1834 2 2 0 1 219 907 783
1835 2 2 0 1 455 916 864
1836 2 2 0 1 884 906 328
1837 2 2 0 1 390 905 7
1838 2 2 0 1 796 904 408
1839 2 2 0 1 845 919 480
1840 2 2 0 1 506 911 852
1841 2 2 0 1 721 914 241
1842 2 2 0 1 470 901 863
1843 2 2 0 1 79 897 863
1844 2 2 0 1 533 913 796
1845 2 2 0 1 866 898 448
1846 2 2 0 1 792 920 859
1847 2 2 0 1 871 917 331
1848 2 2 0 1 864 916 778
1849 2 2 0 1 859 920 872
1850 2 2 0 1 497 906 884
1851 2 2 0 1 885 920 792
1852 2 2 0 1 872 920 374
$EndElements
