$MeshFormat
2.2 0 8
$EndMeshFormat
$Nodes
209
1 2.25 0 0
2 6.75 0 0
3 6.75 20 0
4 9 21.1 0
5 9 22.6 0
6 6.75 23.7 0
7 2.25 23.7 0
8 0 22.6 0
9 0 21.1 0
10 2.25 20 0
11 3.2 23.7 0
12 3.2 26.7 0
13 5.8 26.7 0
14 5.8 23.7 0
15 2.25 0.9999999999991025 0
16 2.25 1.999999999998379 0
17 2.25 2.99999999999657 0
18 2.25 3.999999999993654 0
19 2.25 4.999999999990736 0
20 2.25 5.99999999998782 0
21 2.25 6.999999999984902 0
22 2.25 7.999999999982053 0
23 2.25 8.999999999983299 0
24 2.25 9.999999999984821 0
25 2.25 10.99999999998634 0
26 2.25 11.99999999998786 0
27 2.25 12.99999999998939 0
28 2.25 13.99999999999091 0
29 2.25 14.99999999999243 0
30 2.25 15.99999999999396 0
31 2.25 16.99999999999547 0
32 2.25 17.99999999999698 0
33 2.25 18.99999999999849 0
34 1.500000000002948 20.36666666666522 0
35 0.7500000000020886 20.73333333333231 0
36 0 21.85 0
37 0.7499999999970728 22.96666666666524 0
38 1.499999999998332 23.33333333333252 0
39 3.2 24.7 0
40 3.2 25.7 0
41 4.066666666664815 26.7 0
42 4.93333333333096 26.7 0
43 5.8 25.7 0
44 5.8 24.7 0
45 7.499999999999271 23.33333333333369 0
46 8.249999999999636 22.96666666666685 0
47 9 21.85 0
48 8.250000000000638 20.73333333333365 0
49 7.500000000000455 20.36666666666689 0
50 6.75 19 0
51 6.75 18 0
52 6.75 16.99999999999999 0
53 6.75 15.99999999999999 0
54 6.75 14.99999999999999 0
55 6.75 13.99999999999999 0
56 6.75 12.99999999999999 0
57 6.75 11.99999999999998 0
58 6.75 10.99999999999998 0
59 6.75 9.999999999999979 0
60 6.75 8.999999999999977 0
61 6.75 7.999999999999975 0
62 6.75 6.999999999999973 0
63 6.75 5.99999999999997 0
64 6.75 4.999999999999968 0
65 6.75 3.999999999999964 0
66 6.75 2.999999999999975 0
67 6.75 1.999999999999982 0
68 6.75 0.9999999999999929 0
69 5.850000000002428 0 0
70 4.950000000004856 0 0
71 4.050000000007284 0 0
72 3.150000000001422 0 0
73 5.955494444328495 19.5 0
74 5.948618856695574 20.3921644631386 0
75 4.50093316568085 0.7330346783903909 0
76 3.115337077239115 3.495082393066771 0
77 3.12236187710017 5.497328577426234 0
78 3.135863973209764 7.4944858914463 0
79 5.915855330814926 17.49709894577234 0
80 5.88397459621556 15.49999999999999 0
81 5.880417214697611 13.41240330867132 0
82 5.88397459621556 11.49999999999998 0
83 5.895082243615365 9.520688757156877 0
84 2.193077356470227 20.83394610792843 0
85 2.951672158359104 20.4408267249264 0
86 5.851841696020595 4.515605290915 0
87 5.88397459621556 6.499999999999972 0
88 3.09719587677895 18.49892082819454 0
89 3.115402343654614 16.50107917179771 0
90 3.116025403785634 14.49999999999158 0
91 3.277454579261265 12.48434987044259 0
92 3.127839990155461 10.499153427229 0
93 6.900237889810447 23.04889441082456 0
94 2.891751708492733 21.31077776019525 0
95 5.855278666990406 2.482791410900919 0
96 3.660622044648864 20.93405359225144 0
97 3.566341837653708 21.83931408882262 0
98 4.400006426734796 21.42321131573713 0
99 4.283807126668874 22.34219376535037 0
100 5.146917515470941 21.92388709320264 0
101 1.429982922024594 22.52272220861069 0
102 7.539956623689164 21.21554767562146 0
103 3.711253399903431 20.07136021315154 0
104 4.499999999997889 25.94944465005451 0
105 4.029719949517091 24.19124825969447 0
106 2.68882154892076 22.29610427865726 0
107 3.157351485287271 1.460756456651242 0
108 5.191284099913084 20.01873915937363 0
109 5.172240734716891 19.02305092327681 0
110 5.186156179141652 22.94287559727952 0
111 5.822081089506514 22.38942783792456 0
112 6.032206633650717 21.51308990827062 0
113 6.772452284508785 20.87114644512648 0
114 6.997323461733389 21.76879265680152 0
115 7.69757861737771 21.96434316101212 0
116 5.193770337780257 20.96971087692901 0
117 4.112035745055084 23.2770813501232 0
118 3.118556558078918 2.491175840999258 0
119 3.975796164182987 2.990263597595286 0
120 3.98468432071298 3.987856917499212 0
121 4.841150796971442 3.480300675208449 0
122 4.83026024548113 2.487014156130185 0
123 4.852525545592541 4.474766744283339 0
124 3.992695767016861 4.98615735614383 0
125 4.866988672077383 5.473139369553214 0
126 4.004631580916712 5.985453125381937 0
127 4.014593907849212 2.051043974755139 0
128 5.91034748832333 3.497750139941552 0
129 5.972432742574023 1.414053525773871 0
130 4.880061960218994 6.472568425269245 0
131 4.015326361273258 6.98471221727544 0
132 4.892986753814044 7.472375536739731 0
133 4.018709036867264 7.984521633653294 0
134 4.905798229800773 8.472264323269794 0
135 4.031970881591161 8.984981494366323 0
136 3.129697298749984 6.493663301917104 0
137 5.86677580194866 5.499999999999972 0
138 3.119825244758017 4.496003005250203 0
139 2.101999811283537 22.89572872019744 0
140 3.12372769449852 8.498437674368319 0
141 3.163650917918539 9.497138737353586 0
142 4.021116594863068 9.99933594391953 0
143 3.98661279144209 10.98205288613063 0
144 4.89811285185897 10.54313488002994 0
145 4.743289716341237 11.61004200285711 0
146 5.319936462630246 12.49384690378427 0
147 4.400291889649941 12.44063611118665 0
148 3.130229730955095 11.46219352714236 0
149 1.433397010985836 21.1622768029674 0
150 3.116025403785694 13.49999999999026 0
151 3.968366836112942 14.02370133380583 0
152 3.979770145661463 15.00395022229448 0
153 4.848076211356509 14.49999999999143 0
154 4.838650358942116 13.48188238755141 0
155 4.848076211356569 15.49999999999226 0
156 3.980943793766646 16.00191740414753 0
157 4.848076211356761 16.49999999999305 0
158 3.112160245798274 17.5010791717994 0
159 3.959531256484357 17.96957513536641 0
160 3.978312446784976 18.99352496917925 0
161 3.977305539895147 16.99551555027722 0
162 4.75010081195907 17.47282529153744 0
163 3.115356947811392 15.50115779970295 0
164 5.88397459621556 16.5 0
165 5.966426386833549 14.48957182245978 0
166 5.88860029968786 7.499999999999972 0
167 5.891052782152889 10.49999999999998 0
168 5.895470553195179 8.499999999999979 0
169 3.006786602531839 19.49999999999924 0
170 2.087754686756955 21.62108253313268 0
171 4.901098265872042 9.469324053869791 0
172 0.6926975176254766 21.49740880790451 0
173 4.839844654336674 23.7184968384819 0
174 8.296872726742581 21.51926202467736 0
175 4.426664684911227 20.51464033348597 0
176 4.863627359391408 24.65561891470898 0
177 5.985899129532716 18.50168690568891 0
178 4.095853019035038 25.23682621839584 0
179 3.630760976099465 0.6945595251819592 0
180 5.40000000000364 0.7605771365931919 0
181 4.94461421075473 1.60476406936714 0
182 0.6956610897602964 22.21446628052973 0
183 8.396263916444884 22.22499999999998 0
184 3.328366874631171 22.8457974115868 0
185 3.920157813550393 13.18611394059535 0
186 4.469408423886213 19.70897846934477 0
187 4.674137683739851 18.29785209596384 0
188 3.889471024871752 11.80760497907774 0
189 1.366758840631645 21.87277939073689 0
190 5.071024507514968 25.40698163052655 0
191 7.450641817816905 22.61559167892852 0
192 6.151411845143546 12.49511923221862 0
193 2.887581911317199 0.6418258296971393 0
194 6.144486548516017 0.6349261324734111 0
195 2.720932087087133 23.19004084867501 0
196 6.165676097709686 23.01157462191761 0
197 3.812503937139549 26.05725417369007 0
198 6.561361165037942 22.39122851911123 0
199 4.038800746703848 1.304833603026286 0
200 2.018194396757536 22.27339024904979 0
201 5.220871568168764 26.09128525611622 0
202 5.351146516255769 2.978006038560328 0
203 5.366115878990541 17.00000000000001 0
204 5.371804267335989 17.98997156508431 0
205 5.366025403781467 13.99999999999097 0
206 5.366040482987463 15.99999999999755 0
207 5.366025403789792 14.99999999999998 0
208 5.396336535874816 10.00828692276415 0
209 5.353465311951701 3.971738885217487 0
$EndNodes
$Elements
430
1 15 2 0 1 1
2 15 2 0 2 2
3 15 2 0 3 3
4 15 2 0 4 4
5 15 2 0 5 5
6 15 2 0 6 6
7 15 2 0 7 7
8 15 2 0 8 8
9 15 2 0 9 9
10 15 2 0 10 10
11 15 2 0 11 11
12 15 2 0 12 12
13 15 2 0 13 13
14 15 2 0 14 14
15 1 2 0 1 1 15
16 1 2 0 1 15 16
17 1 2 0 1 16 17
18 1 2 0 1 17 18
19 1 2 0 1 18 19
20 1 2 0 1 19 20
21 1 2 0 1 20 21
22 1 2 0 1 21 22
23 1 2 0 1 22 23
24 1 2 0 1 23 24
25 1 2 0 1 24 25
26 1 2 0 1 25 26
27 1 2 0 1 26 27
28 1 2 0 1 27 28
29 1 2 0 1 28 29
30 1 2 0 1 29 30
31 1 2 0 1 30 31
32 1 2 0 1 31 32
33 1 2 0 1 32 33
34 1 2 0 1 33 10
35 1 2 0 2 10 34
36 1 2 0 2 34 35
37 1 2 0 2 35 9
38 1 2 0 3 9 36
39 1 2 0 3 36 8
40 1 2 0 4 8 37
41 1 2 0 4 37 38
42 1 2 0 4 38 7
43 1 2 0 5 7 11
44 1 2 0 6 11 39
45 1 2 0 6 39 40
46 1 2 0 6 40 12
47 1 2 0 7 12 41
48 1 2 0 7 41 42
49 1 2 0 7 42 13
50 1 2 0 8 13 43
51 1 2 0 8 43 44
52 1 2 0 8 44 14
53 1 2 0 9 14 6
54 1 2 0 10 6 45
55 1 2 0 10 45 46
56 1 2 0 10 46 5
57 1 2 0 11 5 47
58 1 2 0 11 47 4
59 1 2 0 12 4 48
60 1 2 0 12 48 49
61 1 2 0 12 49 3
62 1 2 0 13 3 50
63 1 2 0 13 50 51
64 1 2 0 13 51 52
65 1 2 0 13 52 53
66 1 2 0 13 53 54
67 1 2 0 13 54 55
68 1 2 0 13 55 56
69 1 2 0 13 56 57
70 1 2 0 13 57 58
71 1 2 0 13 58 59
72 1 2 0 13 59 60
73 1 2 0 13 60 61
74 1 2 0 13 61 62
75 1 2 0 13 62 63
76 1 2 0 13 63 64
77 1 2 0 13 64 65
78 1 2 0 13 65 66
79 1 2 0 13 66 67
80 1 2 0 13 67 68
81 1 2 0 13 68 2
82 1 2 0 14 2 69
83 1 2 0 14 69 70
84 1 2 0 14 70 71
85 1 2 0 14 71 72
86 1 2 0 14 72 1
87 2 2 0 1 123 125 86
88 2 2 0 1 125 137 86
89 2 2 0 1 110 196 111
90 2 2 0 1 130 132 87
91 2 2 0 1 132 166 87
92 2 2 0 1 134 171 168
93 2 2 0 1 168 171 83
94 2 2 0 1 173 176 14
95 2 2 0 1 87 137 130
96 2 2 0 1 130 137 125
97 2 2 0 1 134 166 132
98 2 2 0 1 134 168 166
99 2 2 0 1 144 145 82
100 2 2 0 1 82 167 144
101 2 2 0 1 97 184 99
102 2 2 0 1 14 176 44
103 2 2 0 1 14 196 110
104 2 2 0 1 146 154 81
105 2 2 0 1 95 181 122
106 2 2 0 1 129 181 95
107 2 2 0 1 147 154 146
108 2 2 0 1 112 113 74
109 2 2 0 1 74 116 112
110 2 2 0 1 183 191 46
111 2 2 0 1 114 198 191
112 2 2 0 1 114 191 115
113 2 2 0 1 99 184 117
114 2 2 0 1 91 185 147
115 2 2 0 1 147 188 91
116 2 2 0 1 115 191 183
117 2 2 0 1 160 169 103
118 2 2 0 1 160 186 109
119 2 2 0 1 109 187 160
120 2 2 0 1 99 117 110
121 2 2 0 1 106 184 97
122 2 2 0 1 110 173 14
123 2 2 0 1 117 173 110
124 2 2 0 1 49 113 102
125 2 2 0 1 88 169 160
126 2 2 0 1 139 195 106
127 2 2 0 1 81 192 146
128 2 2 0 1 3 113 49
129 2 2 0 1 112 114 113
130 2 2 0 1 108 116 74
131 2 2 0 1 108 175 116
132 2 2 0 1 50 73 3
133 2 2 0 1 24 141 23
134 2 2 0 1 113 114 102
135 2 2 0 1 92 143 142
136 2 2 0 1 36 172 9
137 2 2 0 1 50 177 73
138 2 2 0 1 4 174 47
139 2 2 0 1 9 172 35
140 2 2 0 1 48 174 4
141 2 2 0 1 122 181 127
142 2 2 0 1 133 140 135
143 2 2 0 1 73 177 109
144 2 2 0 1 78 140 133
145 2 2 0 1 106 195 184
146 2 2 0 1 147 185 154
147 2 2 0 1 103 186 160
148 2 2 0 1 92 142 141
149 2 2 0 1 85 169 10
150 2 2 0 1 100 116 98
151 2 2 0 1 78 133 131
152 2 2 0 1 112 116 100
153 2 2 0 1 144 171 142
154 2 2 0 1 23 141 140
155 2 2 0 1 92 141 24
156 2 2 0 1 114 115 102
157 2 2 0 1 145 146 82
158 2 2 0 1 73 74 3
159 2 2 0 1 140 141 135
160 2 2 0 1 88 160 159
161 2 2 0 1 21 136 20
162 2 2 0 1 131 136 78
163 2 2 0 1 105 117 11
164 2 2 0 1 39 105 11
165 2 2 0 1 26 148 25
166 2 2 0 1 67 129 95
167 2 2 0 1 77 126 124
168 2 2 0 1 10 169 33
169 2 2 0 1 143 144 142
170 2 2 0 1 110 111 100
171 2 2 0 1 64 137 63
172 2 2 0 1 111 112 100
173 2 2 0 1 191 198 93
174 2 2 0 1 20 136 77
175 2 2 0 1 78 136 21
176 2 2 0 1 159 162 161
177 2 2 0 1 16 107 15
178 2 2 0 1 122 127 119
179 2 2 0 1 76 119 118
180 2 2 0 1 95 128 66
181 2 2 0 1 101 182 37
182 2 2 0 1 77 136 126
183 2 2 0 1 92 148 143
184 2 2 0 1 124 138 77
185 2 2 0 1 76 118 17
186 2 2 0 1 68 129 67
187 2 2 0 1 74 113 3
188 2 2 0 1 156 161 157
189 2 2 0 1 161 162 157
190 2 2 0 1 25 148 92
191 2 2 0 1 91 148 26
192 2 2 0 1 16 118 107
193 2 2 0 1 103 169 85
194 2 2 0 1 88 159 158
195 2 2 0 1 118 127 107
196 2 2 0 1 86 137 64
197 2 2 0 1 63 137 87
198 2 2 0 1 67 95 66
199 2 2 0 1 145 147 146
200 2 2 0 1 121 122 119
201 2 2 0 1 119 127 118
202 2 2 0 1 89 161 156
203 2 2 0 1 93 198 196
204 2 2 0 1 159 161 158
205 2 2 0 1 19 138 18
206 2 2 0 1 143 145 144
207 2 2 0 1 65 128 86
208 2 2 0 1 66 128 65
209 2 2 0 1 126 136 131
210 2 2 0 1 120 121 119
211 2 2 0 1 120 138 124
212 2 2 0 1 76 138 120
213 2 2 0 1 99 100 98
214 2 2 0 1 77 138 19
215 2 2 0 1 18 138 76
216 2 2 0 1 141 142 135
217 2 2 0 1 17 118 16
218 2 2 0 1 76 120 119
219 2 2 0 1 23 140 22
220 2 2 0 1 22 140 78
221 2 2 0 1 153 154 151
222 2 2 0 1 38 101 37
223 2 2 0 1 35 149 34
224 2 2 0 1 156 163 89
225 2 2 0 1 89 163 30
226 2 2 0 1 27 150 91
227 2 2 0 1 31 158 89
228 2 2 0 1 34 149 84
229 2 2 0 1 152 153 151
230 2 2 0 1 65 86 64
231 2 2 0 1 90 151 150
232 2 2 0 1 63 87 62
233 2 2 0 1 90 163 152
234 2 2 0 1 152 163 156
235 2 2 0 1 90 152 151
236 2 2 0 1 152 155 153
237 2 2 0 1 90 150 28
238 2 2 0 1 88 158 32
239 2 2 0 1 33 88 32
240 2 2 0 1 27 91 26
241 2 2 0 1 31 89 30
242 2 2 0 1 25 92 24
243 2 2 0 1 29 90 28
244 2 2 0 1 28 150 27
245 2 2 0 1 32 158 31
246 2 2 0 1 156 157 155
247 2 2 0 1 29 163 90
248 2 2 0 1 30 163 29
249 2 2 0 1 152 156 155
250 2 2 0 1 53 164 52
251 2 2 0 1 58 82 57
252 2 2 0 1 60 83 59
253 2 2 0 1 52 79 51
254 2 2 0 1 54 80 53
255 2 2 0 1 56 81 55
256 2 2 0 1 55 165 54
257 2 2 0 1 22 78 21
258 2 2 0 1 18 76 17
259 2 2 0 1 20 77 19
260 2 2 0 1 80 164 53
261 2 2 0 1 52 164 79
262 2 2 0 1 54 165 80
263 2 2 0 1 81 165 55
264 2 2 0 1 34 84 10
265 2 2 0 1 133 135 134
266 2 2 0 1 133 134 132
267 2 2 0 1 131 133 132
268 2 2 0 1 131 132 130
269 2 2 0 1 158 161 89
270 2 2 0 1 126 131 130
271 2 2 0 1 126 130 125
272 2 2 0 1 124 126 125
273 2 2 0 1 120 123 121
274 2 2 0 1 124 125 123
275 2 2 0 1 87 166 62
276 2 2 0 1 58 167 82
277 2 2 0 1 83 167 59
278 2 2 0 1 120 124 123
279 2 2 0 1 49 102 48
280 2 2 0 1 62 166 61
281 2 2 0 1 196 198 111
282 2 2 0 1 60 168 83
283 2 2 0 1 59 167 58
284 2 2 0 1 94 106 97
285 2 2 0 1 166 168 61
286 2 2 0 1 38 139 101
287 2 2 0 1 7 139 38
288 2 2 0 1 99 110 100
289 2 2 0 1 115 174 102
290 2 2 0 1 135 171 134
291 2 2 0 1 61 168 60
292 2 2 0 1 84 85 10
293 2 2 0 1 45 93 6
294 2 2 0 1 149 170 84
295 2 2 0 1 181 199 127
296 2 2 0 1 51 177 50
297 2 2 0 1 142 171 135
298 2 2 0 1 40 178 39
299 2 2 0 1 116 175 98
300 2 2 0 1 94 170 106
301 2 2 0 1 160 187 159
302 2 2 0 1 33 169 88
303 2 2 0 1 97 99 98
304 2 2 0 1 71 75 70
305 2 2 0 1 73 108 74
306 2 2 0 1 73 109 108
307 2 2 0 1 109 186 108
308 2 2 0 1 84 94 85
309 2 2 0 1 97 98 96
310 2 2 0 1 105 173 117
311 2 2 0 1 35 172 149
312 2 2 0 1 178 190 176
313 2 2 0 1 104 190 178
314 2 2 0 1 112 198 114
315 2 2 0 1 94 96 85
316 2 2 0 1 84 170 94
317 2 2 0 1 102 174 48
318 2 2 0 1 94 97 96
319 2 2 0 1 5 183 46
320 2 2 0 1 96 103 85
321 2 2 0 1 72 179 71
322 2 2 0 1 98 175 96
323 2 2 0 1 70 180 69
324 2 2 0 1 37 182 8
325 2 2 0 1 79 177 51
326 2 2 0 1 101 189 182
327 2 2 0 1 39 178 105
328 2 2 0 1 105 178 176
329 2 2 0 1 71 179 75
330 2 2 0 1 75 180 70
331 2 2 0 1 154 185 151
332 2 2 0 1 150 185 91
333 2 2 0 1 75 181 180
334 2 2 0 1 111 198 112
335 2 2 0 1 91 188 148
336 2 2 0 1 42 104 41
337 2 2 0 1 105 176 173
338 2 2 0 1 96 175 103
339 2 2 0 1 177 204 109
340 2 2 0 1 146 192 82
341 2 2 0 1 56 192 81
342 2 2 0 1 82 192 57
343 2 2 0 1 44 190 43
344 2 2 0 1 46 191 45
345 2 2 0 1 174 183 47
346 2 2 0 1 108 186 175
347 2 2 0 1 36 182 172
348 2 2 0 1 149 189 170
349 2 2 0 1 47 183 5
350 2 2 0 1 117 184 11
351 2 2 0 1 15 193 1
352 2 2 0 1 2 194 68
353 2 2 0 1 145 188 147
354 2 2 0 1 143 188 145
355 2 2 0 1 12 197 40
356 2 2 0 1 8 182 36
357 2 2 0 1 180 181 129
358 2 2 0 1 109 204 187
359 2 2 0 1 106 200 139
360 2 2 0 1 115 183 174
361 2 2 0 1 176 190 44
362 2 2 0 1 144 208 171
363 2 2 0 1 43 201 13
364 2 2 0 1 1 193 72
365 2 2 0 1 69 194 2
366 2 2 0 1 189 200 170
367 2 2 0 1 122 202 95
368 2 2 0 1 41 197 12
369 2 2 0 1 40 197 178
370 2 2 0 1 175 186 103
371 2 2 0 1 127 199 107
372 2 2 0 1 75 199 181
373 2 2 0 1 11 195 7
374 2 2 0 1 6 196 14
375 2 2 0 1 151 185 150
376 2 2 0 1 159 187 162
377 2 2 0 1 178 197 104
378 2 2 0 1 107 193 15
379 2 2 0 1 68 194 129
380 2 2 0 1 182 189 172
381 2 2 0 1 154 205 81
382 2 2 0 1 107 199 179
383 2 2 0 1 42 201 104
384 2 2 0 1 170 200 106
385 2 2 0 1 86 209 123
386 2 2 0 1 148 188 143
387 2 2 0 1 104 201 190
388 2 2 0 1 95 202 128
389 2 2 0 1 57 192 56
390 2 2 0 1 172 189 149
391 2 2 0 1 45 191 93
392 2 2 0 1 101 200 189
393 2 2 0 1 121 202 122
394 2 2 0 1 128 209 86
395 2 2 0 1 202 209 128
396 2 2 0 1 162 203 157
397 2 2 0 1 121 209 202
398 2 2 0 1 203 206 157
399 2 2 0 1 164 206 203
400 2 2 0 1 164 203 79
401 2 2 0 1 179 193 107
402 2 2 0 1 153 205 154
403 2 2 0 1 205 207 165
404 2 2 0 1 153 207 205
405 2 2 0 1 155 207 153
406 2 2 0 1 157 206 155
407 2 2 0 1 81 205 165
408 2 2 0 1 206 207 155
409 2 2 0 1 80 206 164
410 2 2 0 1 165 207 80
411 2 2 0 1 80 207 206
412 2 2 0 1 83 208 167
413 2 2 0 1 162 204 203
414 2 2 0 1 129 194 180
415 2 2 0 1 123 209 121
416 2 2 0 1 203 204 79
417 2 2 0 1 167 208 144
418 2 2 0 1 139 200 101
419 2 2 0 1 7 195 139
420 2 2 0 1 171 208 83
421 2 2 0 1 13 201 42
422 2 2 0 1 93 196 6
423 2 2 0 1 72 193 179
424 2 2 0 1 180 194 69
425 2 2 0 1 179 199 75
426 2 2 0 1 79 204 177
427 2 2 0 1 104 197 41
428 2 2 0 1 184 195 11
429 2 2 0 1 190 201 43
430 2 2 0 1 187 204 162
$EndElements
