$MeshFormat
2.2 0 8
$EndMeshFormat
$Nodes
194
1 2.25 0 0
2 6.75 0 0
3 6.75 20 0
4 9 21.1 0
5 9 22.6 0
6 6.75 23.7 0
7 2.25 23.7 0
8 0 22.6 0
9 0 21.1 0
10 2.25 20 0
11 2.25 0.9999999999991025 0
12 2.25 1.999999999998379 0
13 2.25 2.99999999999657 0
14 2.25 3.999999999993654 0
15 2.25 4.999999999990736 0
16 2.25 5.99999999998782 0
17 2.25 6.999999999984902 0
18 2.25 7.999999999982053 0
19 2.25 8.999999999983299 0
20 2.25 9.999999999984821 0
21 2.25 10.99999999998634 0
22 2.25 11.99999999998786 0
23 2.25 12.99999999998939 0
24 2.25 13.99999999999091 0
25 2.25 14.99999999999243 0
26 2.25 15.99999999999396 0
27 2.25 16.99999999999547 0
28 2.25 17.99999999999698 0
29 2.25 18.99999999999849 0
30 1.500000000002948 20.36666666666522 0
31 0.7500000000020886 20.73333333333231 0
32 0 21.85 0
33 0.7499999999970728 22.96666666666524 0
34 1.499999999998332 23.33333333333252 0
35 3.15 23.7 0
36 4.05 23.7 0
37 4.949999999999999 23.7 0
38 5.85 23.7 0
39 7.499999999999271 23.33333333333369 0
40 8.249999999999636 22.96666666666685 0
41 9 21.85 0
42 8.250000000000638 20.73333333333365 0
43 7.500000000000455 20.36666666666689 0
44 6.75 19 0
45 6.75 18 0
46 6.75 16.99999999999999 0
47 6.75 15.99999999999999 0
48 6.75 14.99999999999999 0
49 6.75 13.99999999999999 0
50 6.75 12.99999999999999 0
51 6.75 11.99999999999998 0
52 6.75 10.99999999999998 0
53 6.75 9.999999999999979 0
54 6.75 8.999999999999977 0
55 6.75 7.999999999999975 0
56 6.75 6.999999999999973 0
57 6.75 5.99999999999997 0
58 6.75 4.999999999999968 0
59 6.75 3.999999999999964 0
60 6.75 2.999999999999975 0
61 6.75 1.999999999999982 0
62 6.75 0.9999999999999929 0
63 5.850000000002428 0 0
64 4.950000000004856 0 0
65 4.050000000007284 0 0
66 3.150000000001422 0 0
67 4.530744543200942 22.96739517642495 0
68 5.955494444328495 19.5 0
69 4.50093316568085 0.7330346783903909 0
70 3.115337077239115 3.495082393066771 0
71 3.12236187710017 5.497328577426233 0
72 3.135863973209762 7.494485891446297 0
73 5.733285147402714 17.53129318465664 0
74 5.849975795689268 15.48443267928283 0
75 5.871445742195172 13.50472836262663 0
76 5.88397459621556 11.49999999999998 0
77 5.895082243615365 9.520688757156877 0
78 2.192272494329156 20.83507667977606 0
79 2.948797171707596 20.44266793468015 0
80 7.004735834095678 22.8621220276811 0
81 5.948618856695572 20.3921644631386 0
82 5.851841696020595 4.515605290915 0
83 5.88397459621556 6.499999999999972 0
84 3.108704249571407 18.53739081726557 0
85 3.126105125318984 16.47252384862592 0
86 3.039629325383255 14.50959164868286 0
87 3.294422657530838 12.50492026601813 0
88 3.12783999015546 10.499153427229 0
89 5.855278666990406 2.482791410900919 0
90 2.889280019413404 21.29967211532895 0
91 3.650556901393752 20.93340326702698 0
92 5.175726582582997 20.00275769086591 0
93 1.420676842684231 22.64477336417743 0
94 7.466804995441496 21.24236334081666 0
95 5.024656721818181 19.17864348141524 0
96 5.168968336639041 20.86110287954666 0
97 5.933931571770672 21.27544963744979 0
98 2.674961245855347 23.00099364074101 0
99 3.704134151384825 20.08214742575776 0
100 3.593708328876805 21.78412396499346 0
101 3.15735148528727 1.460756456651242 0
102 5.176682063390381 21.70493932956654 0
103 5.90141426907574 22.15647095543837 0
104 2.134102179924332 21.64065771447377 0
105 6.666429415289628 21.65531143014032 0
106 3.583278777236409 22.78030026088144 0
107 6.703730279099926 20.83189592067401 0
108 7.46823548191244 22.09320711958509 0
109 8.264342509622917 21.55734752206634 0
110 3.118556558078918 2.491175840999258 0
111 3.975796164182987 2.990263597595284 0
112 3.984684320712983 3.987856917499209 0
113 4.841150796971442 3.480300675208444 0
114 4.830260245481127 2.487014156130181 0
115 4.852525545592543 4.474766744283335 0
116 3.992695767016862 4.986157356143828 0
117 4.866988672077384 5.473139369553211 0
118 4.00463158091671 5.985453125381935 0
119 4.014593907849212 2.051043974755138 0
120 5.380676054803104 22.98762588659661 0
121 5.91034748832333 3.497750139941552 0
122 5.972432742574023 1.414053525773871 0
123 4.880061960218989 6.472568425269244 0
124 4.015326361273255 6.984712217275439 0
125 4.892986753814039 7.47237553673973 0
126 4.018709036867259 7.984521633653292 0
127 4.905798229800766 8.472264323269794 0
128 4.031970881591155 8.98498149436632 0
129 3.01733675475712 19.51299915328419 0
130 3.978400963262514 19.07353375146576 0
131 3.999946049153863 17.98142526062548 0
132 3.128073295620706 17.48341388172749 0
133 4.160039168556048 16.94522747499373 0
134 3.957810965925008 15.93321269208429 0
135 4.961996543843864 16.18446094013088 0
136 4.746296013665852 15.25850665885677 0
137 5.440498498241292 14.55638928730581 0
138 4.449813383765343 14.35561314180282 0
139 4.85578535987404 17.52725827918322 0
140 5.881061361355473 16.51983678151039 0
141 3.129697298749982 6.493663301917104 0
142 5.866775801948664 5.499999999999971 0
143 3.119825244758018 4.496003005250202 0
144 3.123727694498519 8.498437674368319 0
145 3.163650917918533 9.497138737353584 0
146 4.021116594863064 9.999335943919526 0
147 3.98661279144209 10.98205288613062 0
148 4.898112851858966 10.54313488002994 0
149 4.743289716341233 11.6100420028571 0
150 5.334680206399852 12.46685054459387 0
151 4.371016213054883 12.48688589255794 0
152 3.136446757699392 11.49999999998711 0
153 1.413566142787273 21.15012239904089 0
154 3.098602583095968 13.55355522769759 0
155 5.888600299687858 7.499999999999972 0
156 4.373851269201964 21.33595204932604 0
157 5.891052782152886 10.49999999999998 0
158 5.895470553195175 8.499999999999979 0
159 4.901098265872037 9.469324053869787 0
160 0.679283170857736 22.23107333847344 0
161 2.840592182344848 22.15974200646311 0
162 4.928454288805765 13.14021443114038 0
163 5.834388977919301 18.58979412550214 0
164 3.065229665030878 15.49999999999319 0
165 3.630760976099465 0.6945595251819592 0
166 5.40000000000364 0.7605771365931919 0
167 4.944614210754729 1.60476406936714 0
168 4.401943690282145 20.51903524909403 0
169 0.6906892354262421 21.48575484514076 0
170 4.132507838696463 13.4311734604041 0
171 4.263555879491121 22.17953660264503 0
172 3.832936557120493 14.92959047016938 0
173 4.456972421866133 19.77122351971974 0
174 2.168222542762793 22.45270434236004 0
175 8.273547073650425 22.29579976552706 0
176 6.235259935053113 22.95360376990807 0
177 4.904410536571769 18.31365801380808 0
178 3.889471024871753 11.80760497907773 0
179 1.343731648046682 21.88067820721848 0
180 4.942966990600581 22.37099803884069 0
181 3.718738523709538 14.11725161542135 0
182 7.687703898627509 22.709469068926 0
183 6.163569147520679 12.49999999999998 0
184 2.887581911317199 0.6418258296971393 0
185 6.144486548516017 0.6349261324734111 0
186 6.189491312969237 14.49999999999999 0
187 2.062573969411267 23.07339412361564 0
188 4.038800746703848 1.304833603026286 0
189 6.591305663946795 22.33006666341514 0
190 5.351146516255766 2.978006038560321 0
191 5.241110681196996 16.918833884992 0
192 5.004639528461142 13.87539492719943 0
193 5.396336535874813 10.00828692276415 0
194 5.3534653119517 3.971738885217482 0
$EndNodes
$Elements
396
1 15 2 0 1 1
2 15 2 0 2 2
3 15 2 0 3 3
4 15 2 0 4 4
5 15 2 0 5 5
6 15 2 0 6 6
7 15 2 0 7 7
8 15 2 0 8 8
9 15 2 0 9 9
10 15 2 0 10 10
11 1 2 0 1 1 11
12 1 2 0 1 11 12
13 1 2 0 1 12 13
14 1 2 0 1 13 14
15 1 2 0 1 14 15
16 1 2 0 1 15 16
17 1 2 0 1 16 17
18 1 2 0 1 17 18
19 1 2 0 1 18 19
20 1 2 0 1 19 20
21 1 2 0 1 20 21
22 1 2 0 1 21 22
23 1 2 0 1 22 23
24 1 2 0 1 23 24
25 1 2 0 1 24 25
26 1 2 0 1 25 26
27 1 2 0 1 26 27
28 1 2 0 1 27 28
29 1 2 0 1 28 29
30 1 2 0 1 29 10
31 1 2 0 2 10 30
32 1 2 0 2 30 31
33 1 2 0 2 31 9
34 1 2 0 3 9 32
35 1 2 0 3 32 8
36 1 2 0 4 8 33
37 1 2 0 4 33 34
38 1 2 0 4 34 7
39 1 2 0 5 7 35
40 1 2 0 5 35 36
41 1 2 0 5 36 37
42 1 2 0 5 37 38
43 1 2 0 5 38 6
44 1 2 0 6 6 39
45 1 2 0 6 39 40
46 1 2 0 6 40 5
47 1 2 0 7 5 41
48 1 2 0 7 41 4
49 1 2 0 8 4 42
50 1 2 0 8 42 43
51 1 2 0 8 43 3
52 1 2 0 9 3 44
53 1 2 0 9 44 45
54 1 2 0 9 45 46
55 1 2 0 9 46 47
56 1 2 0 9 47 48
57 1 2 0 9 48 49
58 1 2 0 9 49 50
59 1 2 0 9 50 51
60 1 2 0 9 51 52
61 1 2 0 9 52 53
62 1 2 0 9 53 54
63 1 2 0 9 54 55
64 1 2 0 9 55 56
65 1 2 0 9 56 57
66 1 2 0 9 57 58
67 1 2 0 9 58 59
68 1 2 0 9 59 60
69 1 2 0 9 60 61
70 1 2 0 9 61 62
71 1 2 0 9 62 2
72 1 2 0 10 2 63
73 1 2 0 10 63 64
74 1 2 0 10 64 65
75 1 2 0 10 65 66
76 1 2 0 10 66 1
77 2 2 0 1 100 161 106
78 2 2 0 1 115 117 82
79 2 2 0 1 73 177 163
80 2 2 0 1 117 142 82
81 2 2 0 1 139 177 73
82 2 2 0 1 123 125 83
83 2 2 0 1 125 155 83
84 2 2 0 1 127 159 158
85 2 2 0 1 158 159 77
86 2 2 0 1 83 142 123
87 2 2 0 1 123 142 117
88 2 2 0 1 127 155 125
89 2 2 0 1 127 158 155
90 2 2 0 1 148 149 76
91 2 2 0 1 76 157 148
92 2 2 0 1 130 173 95
93 2 2 0 1 74 136 135
94 2 2 0 1 95 177 130
95 2 2 0 1 42 109 4
96 2 2 0 1 106 171 100
97 2 2 0 1 89 167 114
98 2 2 0 1 87 170 151
99 2 2 0 1 122 167 89
100 2 2 0 1 135 140 74
101 2 2 0 1 4 109 41
102 2 2 0 1 106 161 98
103 2 2 0 1 94 107 105
104 2 2 0 1 105 108 94
105 2 2 0 1 151 178 87
106 2 2 0 1 104 179 174
107 2 2 0 1 174 179 93
108 2 2 0 1 131 139 133
109 2 2 0 1 108 189 80
110 2 2 0 1 131 133 132
111 2 2 0 1 43 107 94
112 2 2 0 1 74 137 136
113 2 2 0 1 138 192 170
114 2 2 0 1 80 182 108
115 2 2 0 1 150 162 75
116 2 2 0 1 94 109 42
117 2 2 0 1 28 132 27
118 2 2 0 1 170 192 162
119 2 2 0 1 154 170 87
120 2 2 0 1 75 183 150
121 2 2 0 1 3 107 43
122 2 2 0 1 130 177 131
123 2 2 0 1 67 171 106
124 2 2 0 1 96 156 102
125 2 2 0 1 139 191 133
126 2 2 0 1 44 68 3
127 2 2 0 1 99 130 129
128 2 2 0 1 133 191 135
129 2 2 0 1 156 171 102
130 2 2 0 1 27 132 85
131 2 2 0 1 103 180 120
132 2 2 0 1 20 145 19
133 2 2 0 1 44 163 68
134 2 2 0 1 88 147 146
135 2 2 0 1 8 160 32
136 2 2 0 1 79 129 10
137 2 2 0 1 33 160 8
138 2 2 0 1 114 167 119
139 2 2 0 1 68 81 3
140 2 2 0 1 92 168 96
141 2 2 0 1 96 168 156
142 2 2 0 1 68 163 95
143 2 2 0 1 126 144 128
144 2 2 0 1 47 140 46
145 2 2 0 1 84 132 28
146 2 2 0 1 105 189 108
147 2 2 0 1 163 177 95
148 2 2 0 1 72 144 126
149 2 2 0 1 108 175 109
150 2 2 0 1 88 146 145
151 2 2 0 1 72 126 124
152 2 2 0 1 81 107 3
153 2 2 0 1 129 130 84
154 2 2 0 1 67 106 36
155 2 2 0 1 102 180 103
156 2 2 0 1 99 129 79
157 2 2 0 1 108 109 94
158 2 2 0 1 148 159 146
159 2 2 0 1 35 98 7
160 2 2 0 1 19 145 144
161 2 2 0 1 88 145 20
162 2 2 0 1 137 138 136
163 2 2 0 1 149 150 76
164 2 2 0 1 144 145 128
165 2 2 0 1 46 140 73
166 2 2 0 1 74 140 47
167 2 2 0 1 171 180 102
168 2 2 0 1 10 129 29
169 2 2 0 1 137 186 75
170 2 2 0 1 108 182 175
171 2 2 0 1 17 141 16
172 2 2 0 1 124 141 72
173 2 2 0 1 96 97 81
174 2 2 0 1 37 120 67
175 2 2 0 1 22 152 21
176 2 2 0 1 61 122 89
177 2 2 0 1 71 118 116
178 2 2 0 1 103 105 97
179 2 2 0 1 147 148 146
180 2 2 0 1 105 107 97
181 2 2 0 1 58 142 57
182 2 2 0 1 92 96 81
183 2 2 0 1 132 133 85
184 2 2 0 1 97 107 81
185 2 2 0 1 16 141 71
186 2 2 0 1 72 141 17
187 2 2 0 1 12 101 11
188 2 2 0 1 114 119 111
189 2 2 0 1 70 111 110
190 2 2 0 1 89 121 60
191 2 2 0 1 71 141 118
192 2 2 0 1 88 152 147
193 2 2 0 1 116 143 71
194 2 2 0 1 70 110 13
195 2 2 0 1 38 120 37
196 2 2 0 1 62 122 61
197 2 2 0 1 31 169 153
198 2 2 0 1 102 103 97
199 2 2 0 1 95 173 92
200 2 2 0 1 21 152 88
201 2 2 0 1 87 152 22
202 2 2 0 1 12 110 101
203 2 2 0 1 110 119 101
204 2 2 0 1 37 67 36
205 2 2 0 1 82 142 58
206 2 2 0 1 57 142 83
207 2 2 0 1 61 89 60
208 2 2 0 1 149 151 150
209 2 2 0 1 113 114 111
210 2 2 0 1 111 119 110
211 2 2 0 1 96 102 97
212 2 2 0 1 15 143 14
213 2 2 0 1 36 106 35
214 2 2 0 1 147 149 148
215 2 2 0 1 59 121 82
216 2 2 0 1 60 121 59
217 2 2 0 1 133 134 85
218 2 2 0 1 118 141 124
219 2 2 0 1 112 113 111
220 2 2 0 1 112 143 116
221 2 2 0 1 70 143 112
222 2 2 0 1 14 143 70
223 2 2 0 1 71 143 15
224 2 2 0 1 170 181 138
225 2 2 0 1 145 146 128
226 2 2 0 1 13 110 12
227 2 2 0 1 35 106 98
228 2 2 0 1 70 112 111
229 2 2 0 1 133 135 134
230 2 2 0 1 135 136 134
231 2 2 0 1 19 144 18
232 2 2 0 1 18 144 72
233 2 2 0 1 34 93 33
234 2 2 0 1 43 94 42
235 2 2 0 1 23 154 87
236 2 2 0 1 59 82 58
237 2 2 0 1 57 83 56
238 2 2 0 1 86 154 24
239 2 2 0 1 29 84 28
240 2 2 0 1 23 87 22
241 2 2 0 1 27 85 26
242 2 2 0 1 21 88 20
243 2 2 0 1 25 86 24
244 2 2 0 1 24 154 23
245 2 2 0 1 52 76 51
246 2 2 0 1 54 77 53
247 2 2 0 1 46 73 45
248 2 2 0 1 48 74 47
249 2 2 0 1 50 75 49
250 2 2 0 1 39 80 6
251 2 2 0 1 18 72 17
252 2 2 0 1 14 70 13
253 2 2 0 1 16 71 15
254 2 2 0 1 30 78 10
255 2 2 0 1 126 128 127
256 2 2 0 1 78 104 90
257 2 2 0 1 126 127 125
258 2 2 0 1 124 126 125
259 2 2 0 1 124 125 123
260 2 2 0 1 118 124 123
261 2 2 0 1 78 153 104
262 2 2 0 1 118 123 117
263 2 2 0 1 120 176 103
264 2 2 0 1 116 118 117
265 2 2 0 1 92 173 168
266 2 2 0 1 112 115 113
267 2 2 0 1 31 153 30
268 2 2 0 1 30 153 78
269 2 2 0 1 116 117 115
270 2 2 0 1 83 155 56
271 2 2 0 1 77 157 53
272 2 2 0 1 52 157 76
273 2 2 0 1 112 116 115
274 2 2 0 1 56 155 55
275 2 2 0 1 54 158 77
276 2 2 0 1 68 92 81
277 2 2 0 1 53 157 52
278 2 2 0 1 75 192 137
279 2 2 0 1 155 158 55
280 2 2 0 1 80 176 6
281 2 2 0 1 130 131 84
282 2 2 0 1 128 159 127
283 2 2 0 1 78 79 10
284 2 2 0 1 6 176 38
285 2 2 0 1 55 158 54
286 2 2 0 1 29 129 84
287 2 2 0 1 100 156 91
288 2 2 0 1 90 100 91
289 2 2 0 1 45 163 44
290 2 2 0 1 78 90 79
291 2 2 0 1 90 91 79
292 2 2 0 1 167 188 119
293 2 2 0 1 146 159 128
294 2 2 0 1 131 132 84
295 2 2 0 1 134 164 85
296 2 2 0 1 85 164 26
297 2 2 0 1 25 164 86
298 2 2 0 1 65 69 64
299 2 2 0 1 91 99 79
300 2 2 0 1 90 161 100
301 2 2 0 1 93 160 33
302 2 2 0 1 151 162 150
303 2 2 0 1 68 95 92
304 2 2 0 1 104 161 90
305 2 2 0 1 156 168 91
306 2 2 0 1 99 173 130
307 2 2 0 1 66 165 65
308 2 2 0 1 64 166 63
309 2 2 0 1 73 163 45
310 2 2 0 1 9 169 31
311 2 2 0 1 26 164 25
312 2 2 0 1 138 172 136
313 2 2 0 1 74 186 137
314 2 2 0 1 169 179 153
315 2 2 0 1 65 165 69
316 2 2 0 1 69 166 64
317 2 2 0 1 109 175 41
318 2 2 0 1 69 167 166
319 2 2 0 1 87 178 152
320 2 2 0 1 91 168 99
321 2 2 0 1 150 183 76
322 2 2 0 1 39 182 80
323 2 2 0 1 50 183 75
324 2 2 0 1 76 183 51
325 2 2 0 1 75 186 49
326 2 2 0 1 48 186 74
327 2 2 0 1 136 172 134
328 2 2 0 1 41 175 5
329 2 2 0 1 153 179 104
330 2 2 0 1 34 187 93
331 2 2 0 1 160 169 32
332 2 2 0 1 11 184 1
333 2 2 0 1 2 185 62
334 2 2 0 1 149 178 151
335 2 2 0 1 147 178 149
336 2 2 0 1 32 169 9
337 2 2 0 1 166 167 122
338 2 2 0 1 176 189 103
339 2 2 0 1 151 170 162
340 2 2 0 1 148 193 159
341 2 2 0 1 1 184 66
342 2 2 0 1 63 185 2
343 2 2 0 1 100 171 156
344 2 2 0 1 114 190 89
345 2 2 0 1 168 173 99
346 2 2 0 1 164 172 86
347 2 2 0 1 5 175 40
348 2 2 0 1 138 181 172
349 2 2 0 1 119 188 101
350 2 2 0 1 69 188 167
351 2 2 0 1 104 174 161
352 2 2 0 1 172 181 86
353 2 2 0 1 131 177 139
354 2 2 0 1 93 187 174
355 2 2 0 1 134 172 164
356 2 2 0 1 101 184 11
357 2 2 0 1 62 185 122
358 2 2 0 1 38 176 120
359 2 2 0 1 73 191 139
360 2 2 0 1 160 179 169
361 2 2 0 1 120 180 67
362 2 2 0 1 162 192 75
363 2 2 0 1 161 174 98
364 2 2 0 1 98 187 7
365 2 2 0 1 101 188 165
366 2 2 0 1 82 194 115
367 2 2 0 1 175 182 40
368 2 2 0 1 152 178 147
369 2 2 0 1 140 191 73
370 2 2 0 1 86 181 154
371 2 2 0 1 103 189 105
372 2 2 0 1 40 182 39
373 2 2 0 1 89 190 121
374 2 2 0 1 51 183 50
375 2 2 0 1 93 179 160
376 2 2 0 1 137 192 138
377 2 2 0 1 49 186 48
378 2 2 0 1 113 190 114
379 2 2 0 1 121 194 82
380 2 2 0 1 80 189 176
381 2 2 0 1 7 187 34
382 2 2 0 1 190 194 121
383 2 2 0 1 135 191 140
384 2 2 0 1 113 194 190
385 2 2 0 1 165 184 101
386 2 2 0 1 77 193 157
387 2 2 0 1 122 185 166
388 2 2 0 1 115 194 113
389 2 2 0 1 157 193 148
390 2 2 0 1 159 193 77
391 2 2 0 1 154 181 170
392 2 2 0 1 66 184 165
393 2 2 0 1 166 185 63
394 2 2 0 1 165 188 69
395 2 2 0 1 67 180 171
396 2 2 0 1 174 187 98
$EndElements
