$MeshFormat
2.2 0 8
$EndMeshFormat
$Nodes
906
1 2.25 0 0
2 6.75 0 0
3 6.75 20 0
4 9 21.1 0
5 9 22.6 0
6 6.75 23.7 0
7 2.25 23.7 0
8 0 22.6 0
9 0 21.1 0
10 2.25 20 0
11 2.25 0.4166666666663671 0
12 2.25 0.833333333332627 0
13 2.25 1.249999999998902 0
14 2.25 1.666666666665277 0
15 2.25 2.083333333331653 0
16 2.25 2.499999999997942 0
17 2.25 2.916666666663479 0
18 2.25 3.33333333332893 0
19 2.25 3.74999999999438 0
20 2.25 4.166666666659829 0
21 2.25 4.583333333325278 0
22 2.25 4.999999999990728 0
23 2.25 5.416666666656179 0
24 2.25 5.833333333321628 0
25 2.25 6.249999999987077 0
26 2.25 6.666666666652528 0
27 2.25 7.083333333317978 0
28 2.25 7.499999999983428 0
29 2.25 7.916666666648878 0
30 2.25 8.333333333315601 0
31 2.25 8.749999999982901 0
32 2.25 9.166666666650197 0
33 2.25 9.583333333317499 0
34 2.25 9.9999999999848 0
35 2.25 10.4166666666521 0
36 2.25 10.8333333333194 0
37 2.25 11.2499999999867 0
38 2.25 11.666666666654 0
39 2.25 12.0833333333213 0
40 2.25 12.4999999999886 0
41 2.25 12.9166666666559 0
42 2.25 13.3333333333232 0
43 2.25 13.7499999999905 0
44 2.25 14.1666666666578 0
45 2.25 14.5833333333251 0
46 2.25 14.9999999999924 0
47 2.25 15.4166666666597 0
48 2.25 15.833333333327 0
49 2.25 16.2499999999943 0
50 2.25 16.6666666666616 0
51 2.25 17.0833333333289 0
52 2.25 17.4999999999962 0
53 2.25 17.9166666666635 0
54 2.25 18.3333333333308 0
55 2.25 18.7499999999981 0
56 2.25 19.1666666666654 0
57 2.25 19.5833333333327 0
58 1.875000000001064 20.18333333333281 0
59 1.50000000000295 20.36666666666522 0
60 1.125000000003979 20.54999999999805 0
61 0.7500000000020912 20.73333333333231 0
62 0.374999999999893 20.91666666666672 0
63 0 21.475 0
64 0 21.85 0
65 0 22.225 0
66 0.3749999999986656 22.78333333333268 0
67 0.7499999999970713 22.96666666666524 0
68 1.124999999996516 23.1499999999983 0
69 1.49999999999833 23.33333333333252 0
70 1.875000000000181 23.51666666666675 0
71 2.65909090909091 23.7 0
72 3.06818181818182 23.7 0
73 3.477272727272728 23.7 0
74 3.886363636363638 23.7 0
75 4.295454545454547 23.7 0
76 4.704545454545456 23.7 0
77 5.113636363636365 23.7 0
78 5.522727272727273 23.7 0
79 5.931818181818182 23.7 0
80 6.340909090909092 23.7 0
81 7.124999999999817 23.51666666666675 0
82 7.49999999999927 23.33333333333369 0
83 7.874999999999178 23.1500000000004 0
84 8.249999999999634 22.96666666666685 0
85 8.624999999999634 22.78333333333351 0
86 9 22.225 0
87 9 21.85 0
88 9 21.475 0
89 8.624999999999909 20.91666666666662 0
90 8.250000000000639 20.73333333333365 0
91 7.875000000000547 20.55000000000027 0
92 7.500000000000457 20.36666666666689 0
93 7.125000000000091 20.18333333333338 0
94 6.75 19.58333333333333 0
95 6.75 19.16666666666666 0
96 6.75 18.75 0
97 6.75 18.33333333333333 0
98 6.75 17.91666666666666 0
99 6.75 17.5 0
100 6.75 17.08333333333333 0
101 6.75 16.66666666666666 0
102 6.75 16.24999999999999 0
103 6.75 15.83333333333333 0
104 6.75 15.41666666666666 0
105 6.75 14.99999999999999 0
106 6.75 14.58333333333333 0
107 6.75 14.16666666666666 0
108 6.75 13.74999999999999 0
109 6.75 13.33333333333333 0
110 6.75 12.91666666666666 0
111 6.75 12.5 0
112 6.75 12.08333333333333 0
113 6.75 11.66666666666666 0
114 6.75 11.25 0
115 6.75 10.83333333333333 0
116 6.75 10.41666666666666 0
117 6.75 9.999999999999998 0
118 6.75 9.58333333333333 0
119 6.75 9.166666666666663 0
120 6.75 8.749999999999998 0
121 6.75 8.33333333333333 0
122 6.75 7.916666666666664 0
123 6.75 7.499999999999998 0
124 6.75 7.08333333333333 0
125 6.75 6.666666666666664 0
126 6.75 6.249999999999998 0
127 6.75 5.83333333333333 0
128 6.75 5.416666666666664 0
129 6.75 4.999999999999998 0
130 6.75 4.58333333333333 0
131 6.75 4.166666666666664 0
132 6.75 3.749999999999996 0
133 6.75 3.333333333333332 0
134 6.75 2.916666666666664 0
135 6.75 2.499999999999996 0
136 6.75 2.083333333333332 0
137 6.75 1.666666666666664 0
138 6.75 1.25 0
139 6.75 0.8333333333333321 0
140 6.75 0.4166666666666643 0
141 6.340909090910194 0 0
142 5.931818181820388 0 0
143 5.522727272730583 0 0
144 5.113636363640778 0 0
145 4.704545454550972 0 0
146 4.295454545461167 0 0
147 3.886363636370338 0 0
148 3.477272727276496 0 0
149 3.068181818182654 0 0
150 2.659090909089805 0 0
151 4.535713200087535 23.31625601767623 0
152 4.50000000000607 0.3542831197290416 0
153 2.611336147517185 3.124338469942306 0
154 2.612479321822617 4.374710379619088 0
155 2.602795273531367 5.6421551420117 0
156 2.607859789024254 6.890938545474254 0
157 2.642833496462248 8.131787425023429 0
158 6.389201709806092 19.79172939203571 0
159 6.384040590438349 18.5440210504026 0
160 6.400588261341476 17.27860053424111 0
161 6.389155292016028 16.04166491002541 0
162 6.396949191991022 14.80516583049794 0
163 6.42238914871967 13.51275992189302 0
164 6.390827288028711 12.29758025425182 0
165 6.398235347034531 11.05433432645102 0
166 6.328150598671344 9.797146482661288 0
167 6.389156080661121 7.291666669017426 0
168 6.440429979128592 6.01668827727463 0
169 6.427854543921793 4.88617657256894 0
170 6.322709832910529 8.536353040081933 0
171 6.363504730271869 3.564206586211609 0
172 2.613289150876938 9.384540641393684 0
173 2.579060008085716 10.63334308025503 0
174 2.551455017837775 11.8979732279451 0
175 2.607513066976413 13.13712011366557 0
176 2.610843918244065 14.37499999999145 0
177 2.622410966872386 15.6372198772256 0
178 2.590820065139125 16.88998428751461 0
179 2.628894344111176 18.11062570863191 0
180 2.612876236461616 19.37988850719147 0
181 6.388128263714769 20.20632927035619 0
182 3.228827370690935 23.32315368067651 0
183 6.389156081756486 2.291666666666664 0
184 6.036763578482171 20.01399730067556 0
185 6.028557767208424 20.41624141235044 0
186 5.678085014575972 20.22475306793072 0
187 2.221092838785437 20.41587711161893 0
188 5.657477495166902 20.60484854518823 0
189 5.313908659482081 20.4250373334728 0
190 5.302633594456785 20.01062986807185 0
191 2.604298580419656 1.886124778176063 0
192 5.991345660314581 20.86488266904284 0
193 1.861220655039907 23.11626764386496 0
194 5.296300524279238 20.8099891358342 0
195 4.957626592968284 20.63817733786047 0
196 7.494277803794095 22.91676567481518 0
197 5.721929390108177 23.35049339757731 0
198 4.937858703025592 21.01893722578909 0
199 4.593680077723995 20.83729648859383 0
200 4.588710190382077 21.2432057844273 0
201 7.526557058881232 20.78585184695793 0
202 1.096271324030368 20.96642619308471 0
203 4.233004784937316 21.04141039238725 0
204 4.291109573532096 20.60598662241901 0
205 4.231190889651742 21.45245149295944 0
206 4.985804900287245 21.4261445216983 0
207 3.874336562762519 21.24834278252502 0
208 3.872811141595522 21.65954937233282 0
209 3.514565926051461 21.45272299408184 0
210 6.38923531146102 1.457519773444227 0
211 1.092248250506979 22.74181467346479 0
212 3.702252297635722 0.3255917900459561 0
213 5.335713338537 0.3940000782514767 0
214 2.593047975802503 20.22865390270211 0
215 8.280104048117533 21.14162240834958 0
216 3.514275950506097 21.86579846829568 0
217 3.156198766844392 21.65900558983004 0
218 4.227175493041254 21.86000058906325 0
219 8.676954900550022 22.05702020813001 0
220 6.786938143462827 23.24606373573994 0
221 3.155970688314051 22.072315891414 0
222 2.797841774950105 21.86538447886697 0
223 2.604872418199234 1.042685732408137 0
224 6.063928945390168 19.62081177115052 0
225 2.797716636518814 22.2797119975549 0
226 2.439169428813247 22.07209493407489 0
227 2.439329813170906 21.65761158085257 0
228 2.079828632288461 21.86442814539686 0
229 3.51091130820457 22.27366909464599 0
230 0.3247595264191645 22.03749999999999 0
231 3.514026697812045 21.03828475211196 0
232 2.085898445884368 21.46641242400041 0
233 2.577120019997512 20.63137623593765 0
234 1.721607810880791 21.66012423692731 0
235 6.399186126002952 0.6415629997750322 0
236 1.720231801780235 22.07178320894271 0
237 1.362946273686357 21.86641719003465 0
238 2.941574172851176 20.46146125139266 0
239 2.966735105562547 20.04467968241796 0
240 3.313696313634043 20.28074157795194 0
241 3.342400320805975 19.86660035140585 0
242 2.439073178080676 22.48646557351191 0
243 2.454545454545455 23.34571688027 0
244 3.685139106125654 20.09451864783503 0
245 3.716042422458568 19.68416783003365 0
246 4.058470764675336 19.91138293889968 0
247 4.089725829645539 19.50150230090316 0
248 3.745249637359016 19.27031263490637 0
249 4.119077716550999 19.08742552900159 0
250 3.773963845068332 18.8549926893187 0
251 4.14803893427672 18.67228128135253 0
252 4.493256246462453 18.90495428076655 0
253 4.522190739622608 18.48961192283274 0
254 4.176893564237703 18.25692714868448 0
255 4.551100690408809 18.07419071892076 0
256 4.205749250969174 17.841443510112 0
257 4.580014095949332 17.65869584179232 0
258 4.234589327965052 17.42592049446558 0
259 4.608909639979479 17.24314877315981 0
260 4.263447440971705 17.01034630607804 0
261 4.637805831832027 16.82756164432003 0
262 4.292316275812981 16.59474712187094 0
263 4.653095838590382 16.41100647744503 0
264 4.318938135715134 16.1789703874618 0
265 4.687123409968389 15.99573980308119 0
266 4.348292355275058 15.76337832278341 0
267 4.70648885348448 15.57944163909159 0
268 4.375664579353679 15.34763100772124 0
269 4.728090786549741 15.16329075131527 0
270 4.403091250025252 14.93187601294525 0
271 4.768922273656935 14.7484697786352 0
272 4.433721769934007 14.51634620035714 0
273 4.783915696734068 14.33184974901709 0
274 4.460582393826577 14.10054868361566 0
275 4.824291214225033 13.91750237594367 0
276 4.491049704870356 13.68508303997053 0
277 4.924068224494357 13.48058708120422 0
278 4.532014413544969 13.26591342093213 0
279 4.897820279080221 13.08676544063569 0
280 4.553725405400135 12.85330668764294 0
281 4.932127464011583 12.67067512398104 0
282 4.582321655872661 12.43808145657961 0
283 4.969736831849167 12.25502055892969 0
284 4.612614409177034 12.0224932521257 0
285 4.207188318554086 12.62093957057106 0
286 4.995133875498659 11.83969836113364 0
287 4.641154820302991 11.60689926366282 0
288 4.119373540965932 13.86801031340089 0
289 5.015516407527343 11.42409705228229 0
290 4.667844707091449 11.19126546333652 0
291 5.042620948594685 11.00844886565388 0
292 4.696792694484287 10.77560139302791 0
293 4.293791032093606 11.37407481483466 0
294 4.925392659571369 17.89148520659559 0
295 5.071222136195948 10.59278774362137 0
296 4.725632715876635 10.35993815993694 0
297 4.351213712232902 10.54275194365131 0
298 4.380090695817641 10.12708813754054 0
299 4.754512161391147 9.944274476546269 0
300 4.408979562340864 9.711424334787647 0
301 4.78339931853507 9.528610657012617 0
302 4.43786783462246 9.295760476728576 0
303 4.812287665689041 9.1129467842878 0
304 4.466756386756915 8.880096600456392 0
305 4.823225823136053 8.696035324243885 0
306 4.492653267654473 8.464224724363042 0
307 4.848624078256995 8.280128803687617 0
308 4.520461510193059 8.048485694063448 0
309 4.892758049497795 7.865524399064851 0
310 4.551710940534511 7.632985805767902 0
311 4.920046047366503 7.449749187420755 0
312 4.580726254520529 7.217330629729454 0
313 4.950632265513453 7.034203191702717 0
314 4.609918910065072 6.80168777873511 0
315 4.207890934590792 7.400254480951368 0
316 4.98377251853662 6.619793064871801 0
317 4.639566796333003 6.386236289925087 0
318 5.01952784141451 6.206798746720784 0
319 4.672919536048295 5.971274582659683 0
320 4.295127017023118 6.153420740637718 0
321 4.324197538084185 5.737762532960617 0
322 4.701840871720124 5.555171688826432 0
323 4.353121917250377 5.322026353027418 0
324 4.72739834147075 5.139422317793708 0
325 4.387359652710742 4.906746032631375 0
326 4.763232628055243 4.725068579750595 0
327 4.421541237928892 4.491589959080317 0
328 4.794301720406132 4.309487890798872 0
329 4.445796072899006 4.075627037321629 0
330 4.827268342370274 3.895095587904629 0
331 4.475530918235132 3.668496784469596 0
332 4.867070974844835 3.484462843330292 0
333 4.490063539900586 3.273669227007741 0
334 4.884146392913433 3.070806002029697 0
335 4.435261670933143 2.849695612627685 0
336 4.886791788250733 2.651304465592686 0
337 4.537920350440905 2.41816638274759 0
338 4.928352957660116 2.231386776049049 0
339 4.581562466201528 2.000284180617291 0
340 4.127603820595605 2.506225363519229 0
341 4.091013227678784 3.882338593276235 0
342 4.120726477313418 8.647211780758166 0
343 4.032754192542921 15.11497520078412 0
344 5.029564047571317 16.60121778024721 0
345 4.017250963794884 5.124894019235098 0
346 4.953555685216559 1.817647795419849 0
347 4.0345593807009 9.894238198072234 0
348 4.86747454364234 18.72232703267046 0
349 5.086022006259111 5.377276321865279 0
350 3.946410051416603 16.36192855566433 0
351 5.089456026069552 15.39742348974746 0
352 5.179373738195778 4.130094513784859 0
353 3.861768091303044 17.61257232204014 0
354 5.165829586318711 14.1795595310107 0
355 5.276977000661237 2.888764869298146 0
356 3.949245871195601 5.920465966115299 0
357 5.285950430824597 12.89297110854821 0
358 3.920268635087392 6.336111576043541 0
359 5.144934818233978 9.344943060495551 0
360 4.612056347807048 1.586243274106357 0
361 4.240563726885342 1.767829710544737 0
362 5.358906024786491 11.65696535156577 0
363 5.250739745131742 8.096898332862517 0
364 5.331150542864731 6.851813306910266 0
365 4.270014104387917 1.354675550585624 0
366 3.897985794081491 1.535753262639872 0
367 4.978558653080822 1.408323703696924 0
368 5.301000435408463 2.050240479199528 0
369 3.585002571335272 6.124414640573139 0
370 3.571496677387104 6.524097043239898 0
371 5.41675475364799 10.82563782901562 0
372 5.445595790056691 10.40997455054302 0
373 4.838450811166796 19.1376555271215 0
374 5.212717117128763 18.95501512076174 0
375 3.21476513145536 6.334561651722143 0
376 3.395238775662051 19.03738928463682 0
377 3.427863070913568 18.62231623707055 0
378 3.58422303742296 5.686120865094382 0
379 4.434616622927129 19.73393878956542 0
380 3.879785925607198 1.932620517058789 0
381 3.541192190679864 1.710847917759222 0
382 3.588656830754245 2.110565955565733 0
383 3.557714910563171 1.302947521274651 0
384 5.241683259439938 18.53966335634158 0
385 5.5756718156001 18.77160408115251 0
386 5.614071344571848 18.35683287433952 0
387 2.797525408724163 22.69392581491998 0
388 3.036412652695037 18.80126006024001 0
389 8.278728675972429 22.55024047358104 0
390 2.882581647639213 0.3732982496091194 0
391 5.780160636762468 10.64206318332984 0
392 5.742219611383566 11.05779355767526 0
393 3.230129029421418 1.491188156760028 0
394 5.802445586283538 10.22594114240476 0
395 1.760173799379833 21.29472062885771 0
396 3.895566830446006 6.752613975819626 0
397 3.545869658620061 6.93723717033316 0
398 5.471540521453521 9.994107633944711 0
399 3.238900405032549 1.071749264155848 0
400 2.911806849985866 20.88043825424058 0
401 5.17744460768823 19.3578017978759 0
402 2.239214286329891 20.84696314670049 0
403 6.098801680681939 10.44004168400996 0
404 5.853342717009455 9.823084252790403 0
405 3.659025144841631 20.51507498345172 0
406 3.575306473330309 0.912195194360742 0
407 3.06193556268981 18.38130968714859 0
408 3.454018955958539 18.20607545986997 0
409 3.090596037900224 17.95815666116066 0
410 2.776723408335755 17.65202114538831 0
411 3.152934632935996 17.53860912316382 0
412 1.368505002710668 22.25819965653783 0
413 1.010193920319104 22.04182142188339 0
414 1.012207623403862 21.67000480792748 0
415 1.730041338439239 22.46053470719376 0
416 4.366081586111401 20.16326614579344 0
417 4.786189959701013 19.97214004295154 0
418 2.380157289793368 21.2543408812539 0
419 3.23779626397102 0.6761377148408224 0
420 2.658876095590568 18.56165355499135 0
421 6.754228364791434 20.4117943867498 0
422 2.990636620702849 19.63048710304066 0
423 2.844770046773031 17.26642672040126 0
424 3.214661837115145 17.13953134907457 0
425 2.459380703879632 22.90990900932603 0
426 7.136312950114844 20.60389998985505 0
427 7.180845870113918 21.02411504598103 0
428 7.562944444814656 21.20123924984977 0
429 7.223102358562825 21.43935296795918 0
430 7.599363905807385 21.61449246238236 0
431 7.260044562459885 21.85320515609837 0
432 6.878476322189465 21.67793969462533 0
433 6.919540441559442 22.09288717601565 0
434 6.540955555307024 21.91920610211332 0
435 6.57978702693813 22.33300279214221 0
436 6.202491425358294 22.15894053113366 0
437 6.163902598958995 21.74582637311637 0
438 5.826244931318408 21.98556779158967 0
439 5.863959137121766 22.39787228525322 0
440 5.497313747079795 22.2369805850471 0
441 5.788040688700397 21.57247910118359 0
442 7.636819380995524 22.02618913743679 0
443 5.524227409979546 22.63283352966857 0
444 5.161651408889885 22.47704237106116 0
445 5.187207102864174 22.87014588471173 0
446 4.837131848915444 22.70116152946493 0
447 7.968405020518563 21.78759415201113 0
448 6.952136748944385 22.49868290377873 0
449 4.851392383998016 22.28555118289272 0
450 4.498409771272827 22.54948757744746 0
451 5.891234608760341 22.78759940764242 0
452 6.586170995002939 22.7941696316715 0
453 6.098964867569435 21.31119568498776 0
454 6.780261215828265 20.82135296980396 0
455 8.026106054822799 22.25486452679428 0
456 7.611792363413361 22.475072643792 0
457 5.687884460881977 21.19885027157249 0
458 5.395633005675189 21.44816631768919 0
459 6.827288170252586 21.24790080837215 0
460 4.853510176609436 23.11107556865593 0
461 5.240345374946909 23.29376621649069 0
462 5.940686573609947 18.62858186503809 0
463 5.992807425985575 18.18765477509083 0
464 5.645012510328119 17.94367006676725 0
465 6.196593910533307 18.96023156938758 0
466 6.028684539866033 17.80154003929077 0
467 5.68260849844556 17.56145425925166 0
468 7.053025255429091 22.87937904106727 0
469 6.350100667986696 23.12759287648896 0
470 1.383400713825722 21.48684634670395 0
471 2.82652931239032 23.10147881179796 0
472 3.177036537735012 22.88291277007285 0
473 3.555002875544544 23.02526052013089 0
474 7.907739489441532 20.96552750661908 0
475 7.939540605367281 21.3756134741453 0
476 6.421902569972387 21.04872693622689 0
477 3.155782924230912 22.47676292321514 0
478 6.391374431397733 1.044155854299475 0
479 6.029975515643045 1.24946156525068 0
480 6.02919610205629 1.664762394487766 0
481 5.675524692799792 1.450701322591728 0
482 5.677436033851754 1.040719987718898 0
483 6.389316960610207 1.874681170885197 0
484 6.029374655596875 2.081924351645718 0
485 6.029547427788029 2.499663717931913 0
486 5.662252690409763 2.278642746157976 0
487 5.663346192074902 2.701726900899994 0
488 6.025297980747958 2.921276049458633 0
489 5.64701450012365 3.12302259545808 0
490 5.259955721718221 3.305934277939829 0
491 5.630080727053144 3.543979423173523 0
492 6.004385921039857 3.343656944294265 0
493 5.972651340830929 3.772175437744814 0
494 5.58759423475074 3.957221977331905 0
495 5.931219184285503 4.192809096309984 0
496 5.54702764533326 4.371791238981686 0
497 5.868650610543552 4.606483429332739 0
498 5.504197249991813 4.786079831651698 0
499 5.827889903561475 5.024819152671625 0
500 6.338544734359272 3.97703980428423 0
501 5.463856472952139 5.201355719219865 0
502 5.81345280478243 5.442570333051404 0
503 6.199485202120748 5.268478957573537 0
504 5.438082627492919 5.617546275768491 0
505 5.777918581926906 5.883475857065699 0
506 5.154254087266097 4.547125557051822 0
507 5.403010058006383 6.034535995683799 0
508 5.746656480428136 6.27357009834941 0
509 3.926009631870797 1.126560243202227 0
510 4.291554398148836 0.9560408660794013 0
511 4.639164900219541 1.176457142657298 0
512 5.008228797507641 1.013834745142873 0
513 4.67129362579216 0.731506525104362 0
514 3.914453172636888 0.6961180541269726 0
515 6.219716080443728 22.55657489180582 0
516 3.86721372274535 22.06382605291656 0
517 3.832430031180079 22.44768318761908 0
518 4.589260667894588 21.64365306801914 0
519 4.932387847903756 21.8643758204202 0
520 2.590742903424019 1.471476305918858 0
521 6.033119237649483 0.8370111904391098 0
522 5.671126140170349 0.627245132821438 0
523 6.076370065274513 0.3854738397791803 0
524 5.47541513444054 21.83808890250575 0
525 5.053567156823556 5.793767268587411 0
526 2.609636386058071 2.293265846272894 0
527 2.938690750701156 2.111589214256306 0
528 2.95717109235329 2.519082197618968 0
529 2.608322927836806 2.711435558709277 0
530 2.968973760557927 2.919425246190619 0
531 2.972064685836076 3.332593400917091 0
532 3.332118276006958 3.123773034657279 0
533 3.332847105139565 3.539566436958527 0
534 3.708321074851602 3.320564555706345 0
535 2.973249943216852 3.748552576688643 0
536 3.333873449887861 3.955808913312552 0
537 3.683462851413015 2.93284229311328 0
538 4.074643525559704 3.113445597038865 0
539 2.97382764018146 4.165073374394962 0
540 3.335048812152263 4.372459887829879 0
541 3.699318450985688 4.151991250290175 0
542 3.695404945559125 4.540663775480132 0
543 3.327545676797754 4.782654270084896 0
544 2.611998603935096 3.957701298189806 0
545 2.973201987288584 4.582287297887849 0
546 2.975087533538874 4.998257452555944 0
547 3.343689507425579 5.274975498906907 0
548 2.951724985619605 5.463525281265062 0
549 2.613123780716746 4.791329359086713 0
550 1.863045795380274 20.58885518184515 0
551 1.476795273482395 20.75417652934189 0
552 3.318883145200556 2.728898720330299 0
553 3.698181426635701 2.53550928758873 0
554 7.280284703680583 22.26289359648291 0
555 6.393000554319425 19.33369533586478 0
556 2.074091946359436 22.74029952267399 0
557 1.460119747766548 22.94531793768765 0
558 4.803080417486148 19.53876720391406 0
559 0.706494990448178 22.5757275174373 0
560 5.276762470547545 2.464671208764828 0
561 0.7148295209241059 21.13851113614696 0
562 3.867919626115944 7.167997055606063 0
563 3.493706643831072 7.350763971783867 0
564 3.153266078901735 7.092695471647579 0
565 3.114765578384134 7.529755281052612 0
566 3.460219921177884 7.765426889899399 0
567 3.072278987456352 7.948864727926474 0
568 3.428298634740904 8.181498280264064 0
569 3.804582425040671 7.998732216446476 0
570 3.040412741674273 8.364305934724296 0
571 3.398408306154146 8.597193039343555 0
572 3.015139156405901 8.779175014680428 0
573 3.369955242971575 9.012729650823641 0
574 2.827747070028637 7.247434238934421 0
575 2.993690800102878 6.692884515665034 0
576 2.754907874213141 6.302783295405385 0
577 2.944877697454002 5.95445712898908 0
578 2.645161982216961 8.551026612501996 0
579 2.660684846923237 7.652310715174276 0
580 2.9869471569025 9.195812122298781 0
581 3.341255346266277 9.428534568836394 0
582 3.717138069821732 9.245699540892879 0
583 2.967147545424153 9.611787511223842 0
584 3.314427185817348 9.844220578096319 0
585 2.94224846776 10.02553656109754 0
586 3.289463892855458 10.25453079247982 0
587 3.660733289433568 10.07616599026805 0
588 3.631973765336908 10.49167911246026 0
589 3.2585446358283 10.67521135405141 0
590 3.602467849677447 10.90832103610817 0
591 3.230653160249542 11.09606148950751 0
592 3.573942905759845 11.32484529077706 0
593 3.210602248109293 11.5042292727748 0
594 3.546587803911342 11.73940303197528 0
595 3.188308335744271 11.92842552067438 0
596 3.519053939527652 12.15630461463343 0
597 3.149726268820318 12.34929047139231 0
598 3.488775444007878 12.57304155427499 0
599 3.890571863005428 11.97261101980249 0
600 3.13243162233539 12.75338505129036 0
601 3.461587322655954 12.98695549645599 0
602 2.89439972427611 11.28515445580563 0
603 2.838653133517806 12.54513811602469 0
604 3.040366492543738 13.17443390978738 0
605 3.422453110918463 13.40322454246548 0
606 3.054611221447788 13.58517442069243 0
607 3.399045589798392 13.81816802323812 0
608 3.803449045758817 13.21954809690359 0
609 2.954247555730245 14.03690749685682 0
610 3.36170003612974 14.23989858455426 0
611 2.677878126693481 13.7593917025397 0
612 3.74377712040528 14.0519242440428 0
613 3.714878780683373 14.467742798739 0
614 3.342365866429274 14.64934716735733 0
615 3.687893905483157 14.88219467701644 0
616 3.313478120055675 15.06500706387726 0
617 2.967949720631534 14.83215945346423 0
618 2.954157582348168 15.31519812169987 0
619 3.29746941275842 15.49261518518571 0
620 4.090133797275222 14.28385912803014 0
621 3.772847928413785 13.63554471646447 0
622 3.661040394374844 15.2998332303157 0
623 3.632615374889002 15.71582423417407 0
624 3.268632041489504 15.8994182097745 0
625 3.603757213384942 16.13004537781671 0
626 3.229218832002686 16.31226656692534 0
627 2.868516152640248 16.07604007963803 0
628 2.890371195015419 16.5676490580985 0
629 3.575192882905823 16.54128486114962 0
630 3.920584389523269 16.77365776218689 0
631 4.004346349502143 15.53132626955638 0
632 3.833060252679017 12.80413901957778 0
633 4.179737766428808 13.03603997906057 0
634 3.976922155694903 10.72538339817667 0
635 3.862383284573319 12.38874029817393 0
636 3.919553671760676 11.55698478777546 0
637 4.265555947667598 11.78974485806416 0
638 3.948165244638789 11.14133747397323 0
639 4.00591549986947 10.30955113002818 0
640 3.688593569724315 9.661238853380233 0
641 3.745709723004466 8.830023454256246 0
642 4.091941106304176 9.062894349534631 0
643 3.774639890521775 8.414373533528662 0
644 3.835553640273576 7.583182185031722 0
645 4.178385537918276 7.815870468727397 0
646 4.266204620662328 6.569110143587741 0
647 6.389156081704867 7.70833333349837 0
648 6.028312167017965 7.500000000419307 0
649 6.036297247751418 7.902836097524575 0
650 6.035479789257208 7.083333340420689 0
651 5.663441712534755 7.72346296755229 0
652 5.718369383811734 8.1576229048281 0
653 5.455170117699351 8.506315384826156 0
654 5.870524714362782 8.528512738813603 0
655 5.628975231491815 8.862864215650715 0
656 6.039286635850231 8.882868509113589 0
657 5.805629135169022 9.205517046709337 0
658 6.233635005521982 9.208272772205476 0
659 5.66746826155598 7.291666666666751 0
660 6.390350687699702 6.875000009452997 0
661 6.002277020030392 6.626335490160353 0
662 6.405718023215156 6.447448409179266 0
663 6.389156081756501 8.125000000000012 0
664 2.610549323088252 19.81117375478082 0
665 2.997406516285831 19.21838060381916 0
666 6.38915628680941 15.62499990160923 0
667 6.028312825875703 15.83333322066121 0
668 6.0283124821919 16.24999562676843 0
669 5.667476295477684 16.04166593400272 0
670 6.028313983481529 15.41666849387726 0
671 5.677498885560173 16.44096268663905 0
672 6.029979172633493 16.66375693428589 0
673 5.687144282348887 16.8040036517474 0
674 5.316821505508568 16.26233803981911 0
675 5.306641006373922 15.83334582037577 0
676 6.050131204671904 17.04048478195363 0
677 6.394974884766485 16.86519436837721 0
678 5.686542371430723 15.62500364603102 0
679 5.689717778394183 15.20833890584462 0
680 6.043281331288371 15.01950748146046 0
681 5.717562012006429 14.73569675438822 0
682 5.37029750305678 15.05244261898931 0
683 5.309043508619878 14.62785064565075 0
684 5.594968904383304 14.29452751490708 0
685 5.497325156543246 13.87000293023506 0
686 5.878012409301567 13.98707393944442 0
687 5.770908821027786 13.58634642960213 0
688 5.998779687617452 14.37084493797946 0
689 5.370579103930344 13.50869765038463 0
690 5.629916768767811 13.17031594749652 0
691 5.672618731280867 12.72567979588258 0
692 6.033359031890009 12.93286685490163 0
693 6.293020358149779 14.090693566277 0
694 5.325312691169271 12.48895641224542 0
695 5.702515034512329 12.30655015469514 0
696 6.392995181674831 12.71998640687604 0
697 6.394845575059429 11.46767811928182 0
698 6.391568670556428 11.87548920978491 0
699 6.041113156738716 11.67306399182987 0
700 3.979140826405423 5.509392825210753 0
701 4.236779535019386 6.984590500365374 0
702 4.149014544422213 8.231511458349466 0
703 5.20391745173273 8.883992618850023 0
704 5.099572213006521 10.17709056969539 0
705 4.063179920585741 9.478542625566034 0
706 4.322454924372655 10.95840241450005 0
707 5.126218120817374 9.761278943817695 0
708 5.381320430946643 11.24091079718518 0
709 5.549598951916447 9.541316751487761 0
710 6.144245890898245 5.729348159962459 0
711 6.392950132261721 15.21383472901859 0
712 4.236772579808354 12.20543507588616 0
713 4.14974539999711 13.4516899277887 0
714 6.390403638601318 16.45621308435393 0
715 4.976497417393402 17.05244189406281 0
716 4.060412282657322 14.69949900297868 0
717 3.97572658003048 15.94691219124278 0
718 3.892013506157381 17.19315413468574 0
719 4.953138277934961 17.47462014105641 0
720 5.539496710991662 19.18537557460753 0
721 5.463866730738917 19.59532137816569 0
722 4.463034607373176 19.31737393854538 0
723 4.896412997362149 18.30692729955487 0
724 3.80206677827788 18.43946901908564 0
725 3.831465342753212 18.02492418113484 0
726 5.27035338480664 18.12455708154853 0
727 2.626756241067049 8.971203509584663 0
728 5.300828941372737 17.71482870004249 0
729 5.32222981812556 17.31280975725466 0
730 4.103604434080187 23.35130973049418 0
731 4.301317963701138 22.97466555752938 0
732 3.364495715545715 19.45122296797375 0
733 2.611441563417535 3.541086513176859 0
734 4.212161007429725 2.148156236837178 0
735 6.380496725024187 3.131061993146826 0
736 3.166583641594692 21.23260236963894 0
737 4.898435427911799 0.3560033829771481 0
738 5.342904771032555 12.07029438295284 0
739 6.387416369219443 2.710055848978449 0
740 2.080406054293549 22.28260101529902 0
741 2.607121928901098 5.218655650261053 0
742 2.779328308604346 21.35940556117441 0
743 5.11186024209973 4.961268830830772 0
744 3.234495382883199 16.74085093016599 0
745 3.272098020502489 20.70946512699045 0
746 8.643676710103037 21.3106701678607 0
747 8.303323690650524 21.54235468776299 0
748 3.698439306516386 3.740004369452189 0
749 5.66824341804486 1.860124821811551 0
750 3.485395515656289 17.78938445729794 0
751 6.488581680708315 21.49179926657364 0
752 0.3247595264191572 21.66249999999998 0
753 5.225223956488832 3.719464770577506 0
754 5.354448185679054 6.42593713709935 0
755 6.397106852695428 18.12499999999999 0
756 2.601770670772877 9.799229926226019 0
757 0.6603397321567477 21.85071882070936 0
758 2.634261916838842 18.97964156548425 0
759 5.266018531725153 7.664929418793933 0
760 6.390783283994608 20.62403479518304 0
761 6.402560165978193 13.125 0
762 6.037618361322867 12.0774746440997 0
763 2.996567637632064 14.44304716004325 0
764 4.090909090915752 0.33893188691546 0
765 5.315920684694577 1.636755245385392 0
766 3.89431333901281 20.83221715927389 0
767 8.67601851851831 22.41249999999998 0
768 0.3369699194505593 21.29500460945825 0
769 0.3301022931443934 22.4095364655298 0
770 3.527295725481048 17.36895933793522 0
771 4.074506823872396 4.290470476451143 0
772 2.575360962048469 0.6334185807092203 0
773 7.922650816333581 22.71893499760829 0
774 2.587468238881468 10.20833333331843 0
775 6.406151153243238 17.69077055508523 0
776 3.560707287344311 16.959573062533 0
777 6.286625564127927 4.441043896169603 0
778 5.227063129805164 7.258472354298885 0
779 6.036294366508879 12.52081777473257 0
780 5.336704600838686 1.235264478966843 0
781 8.674718461379717 21.6804471095354 0
782 2.579889876510848 14.79166666665877 0
783 2.905374806425623 10.86602326168822 0
784 3.999570806815853 20.33883686622232 0
785 4.040395145993337 4.725008801874709 0
786 8.306590075273901 21.96506841444263 0
787 2.92841524653809 10.43477266542591 0
788 5.705256941387971 11.46879514232802 0
789 5.556190780777417 23.01268207439462 0
790 3.499057418282503 22.6486780915275 0
791 5.698052381630154 11.87552394457856 0
792 6.063830708178017 13.33413500138606 0
793 5.355258651151834 0.8340169184931948 0
794 3.685591976085565 23.37731072423853 0
795 6.419126294856548 8.908832197613531 0
796 5.73578945730645 6.88445208284362 0
797 6.41051299037966 10.18621979816234 0
798 3.224904850006724 5.692217862259351 0
799 4.201768585179498 22.24709914723444 0
800 2.604068024393822 15.1654851309501 0
801 2.560516169039702 5.996545779942974 0
802 3.926579561811883 23.03004355667368 0
803 6.057219209697326 11.27344442738864 0
804 4.662755453694574 20.41370348481344 0
805 3.655598702383928 4.987807287774566 0
806 2.906918475665237 0.8412688708264946 0
807 2.576371296474302 11.06344360615424 0
808 0.6652277327135512 22.21583251164238 0
809 6.116148215127354 23.39263715802559 0
810 0.6689508837358417 21.49043834827599 0
811 4.106178121271514 3.49345707043661 0
812 3.294944011187151 0.3148258001383253 0
813 5.335994597153301 16.90827583090607 0
814 7.278303375052303 22.60655877198722 0
815 3.002237231221745 15.68409829470474 0
816 2.568828433607706 11.4719118796288 0
817 6.399829066794094 14.44061301990043 0
818 5.156418657102338 13.79126991375566 0
819 6.075720245499019 10.86708716991703 0
820 5.004622852060547 20.29193761343402 0
821 2.855422872576295 12.11345455398642 0
822 2.917475082761122 1.275237550849719 0
823 4.554573670295967 22.01388181486141 0
824 5.850516552405108 19.03528382464242 0
825 1.041177863800362 21.31307449772854 0
826 6.09357555966303 6.205515846798681 0
827 2.923224524383826 1.699142765198781 0
828 5.463275047315913 9.164907582910359 0
829 6.423044019670618 10.67098677133453 0
830 2.501442998600087 16.05098532470258 0
831 3.702192286946492 5.324534362435807 0
832 4.984315992448193 16.1722337576397 0
833 5.707550999706568 0.281343810170419 0
834 2.878169438691908 11.70019148513586 0
835 5.106643062014219 19.69493205819581 0
836 2.20043674077576 23.10710507350785 0
837 5.053785968180087 0.6658723299938111 0
838 4.104015276034119 22.67434108618469 0
839 5.174309895306155 22.09226569320923 0
840 6.048098097473671 17.42879366682374 0
841 1.438119882042045 21.12543677750826 0
842 6.023135503822802 9.506617559411922 0
843 2.859419008717458 23.4349870001875 0
844 2.769609844430546 13.43955736266838 0
845 1.027882344080442 22.40632489174355 0
846 1.842571438728083 20.94776904232231 0
847 2.527282561919184 16.44754466092764 0
848 6.098650714605187 10.09448667200575 0
849 4.285592590623346 0.6094161076148719 0
850 4.909090909090912 23.43843642385595 0
851 2.551271377041233 12.71856036224385 0
852 6.147906855761871 13.72464742350724 0
853 6.076222655286548 8.250349925367374 0
854 2.955023705385184 16.92088846905098 0
855 2.549467066828851 12.30974326558499 0
856 4.954805057668906 15.79563690198714 0
857 7.197253116659382 23.18926773862238 0
858 3.250287803465622 1.91722838446405 0
859 5.718319178340511 19.86106080493644 0
860 6.465839714870288 5.578808121357325 0
861 6.055141580538848 19.27223421471356 0
862 3.286029930226627 2.349649900676092 0
863 5.68770108303648 17.17597032465619 0
864 5.107893634545171 8.506983868856503 0
865 6.445701432342454 0.3062727534800264 0
866 1.400262586749086 22.60130784978222 0
867 2.510773291558171 17.31293117224951 0
868 6.476995173337277 23.42360191057023 0
869 2.548152906839913 0.3002388319499205 0
870 5.428530937065032 15.42331089619764 0
871 6.446559873267908 9.474426283444897 0
872 2.577525350942197 20.9945048158614 0
873 8.401609749711151 22.26284182408085 0
874 2.550567377558072 14.04503845481595 0
875 2.551209020594544 6.561624005950169 0
876 6.088079537267695 14.6868621120167 0
877 3.902492645816861 2.251528556234361 0
878 5.3885273225088 16.58334082764501 0
879 5.206400824442916 13.21978753353449 0
880 6.516419127865875 5.223828140690447 0
881 4.605216592117276 22.93052925015479 0
882 2.076832252211455 21.15469322047645 0
883 1.747153469210798 22.79111315937332 0
884 5.640357143575143 6.580385561802169 0
885 5.29571630496628 21.13545526746005 0
886 5.183334157104249 21.67904980657992 0
887 2.844229001065303 12.90644243995304 0
888 5.032040517456951 14.9382706252753 0
889 5.949695034027574 23.10169212931558 0
890 5.771667940046235 19.4111485725225 0
891 6.522296950857014 18.95833333333332 0
892 3.993774869521177 2.806470072917323 0
893 6.472663272526265 13.84895351566879 0
894 3.305140203938125 5.969515617459892 0
895 6.195884596166493 22.86933832970812 0
896 2.498623095297579 13.50039083507157 0
897 2.4937450946333 7.283062942123237 0
898 3.315446543621361 6.711722089634248 0
899 6.092871693568528 4.84053277240113 0
900 3.774698201037866 22.76379990909471 0
901 5.009611276755916 14.55636737016656 0
902 2.460969424850109 17.70833333332982 0
903 3.529547725933455 0.6040902906701505 0
904 5.593087886186954 20.90915718868849 0
905 2.135298962638577 23.37606012673115 0
906 2.894262743633992 6.967163381166756 0
$EndNodes
$Elements
1820
1 15 2 0 1 1
2 15 2 0 2 2
3 15 2 0 3 3
4 15 2 0 4 4
5 15 2 0 5 5
6 15 2 0 6 6
7 15 2 0 7 7
8 15 2 0 8 8
9 15 2 0 9 9
10 15 2 0 10 10
11 1 2 0 1 1 11
12 1 2 0 1 11 12
13 1 2 0 1 12 13
14 1 2 0 1 13 14
15 1 2 0 1 14 15
16 1 2 0 1 15 16
17 1 2 0 1 16 17
18 1 2 0 1 17 18
19 1 2 0 1 18 19
20 1 2 0 1 19 20
21 1 2 0 1 20 21
22 1 2 0 1 21 22
23 1 2 0 1 22 23
24 1 2 0 1 23 24
25 1 2 0 1 24 25
26 1 2 0 1 25 26
27 1 2 0 1 26 27
28 1 2 0 1 27 28
29 1 2 0 1 28 29
30 1 2 0 1 29 30
31 1 2 0 1 30 31
32 1 2 0 1 31 32
33 1 2 0 1 32 33
34 1 2 0 1 33 34
35 1 2 0 1 34 35
36 1 2 0 1 35 36
37 1 2 0 1 36 37
38 1 2 0 1 37 38
39 1 2 0 1 38 39
40 1 2 0 1 39 40
41 1 2 0 1 40 41
42 1 2 0 1 41 42
43 1 2 0 1 42 43
44 1 2 0 1 43 44
45 1 2 0 1 44 45
46 1 2 0 1 45 46
47 1 2 0 1 46 47
48 1 2 0 1 47 48
49 1 2 0 1 48 49
50 1 2 0 1 49 50
51 1 2 0 1 50 51
52 1 2 0 1 51 52
53 1 2 0 1 52 53
54 1 2 0 1 53 54
55 1 2 0 1 54 55
56 1 2 0 1 55 56
57 1 2 0 1 56 57
58 1 2 0 1 57 10
59 1 2 0 2 10 58
60 1 2 0 2 58 59
61 1 2 0 2 59 60
62 1 2 0 2 60 61
63 1 2 0 2 61 62
64 1 2 0 2 62 9
65 1 2 0 3 9 63
66 1 2 0 3 63 64
67 1 2 0 3 64 65
68 1 2 0 3 65 8
69 1 2 0 4 8 66
70 1 2 0 4 66 67
71 1 2 0 4 67 68
72 1 2 0 4 68 69
73 1 2 0 4 69 70
74 1 2 0 4 70 7
75 1 2 0 5 7 71
76 1 2 0 5 71 72
77 1 2 0 5 72 73
78 1 2 0 5 73 74
79 1 2 0 5 74 75
80 1 2 0 5 75 76
81 1 2 0 5 76 77
82 1 2 0 5 77 78
83 1 2 0 5 78 79
84 1 2 0 5 79 80
85 1 2 0 5 80 6
86 1 2 0 6 6 81
87 1 2 0 6 81 82
88 1 2 0 6 82 83
89 1 2 0 6 83 84
90 1 2 0 6 84 85
91 1 2 0 6 85 5
92 1 2 0 7 5 86
93 1 2 0 7 86 87
94 1 2 0 7 87 88
95 1 2 0 7 88 4
96 1 2 0 8 4 89
97 1 2 0 8 89 90
98 1 2 0 8 90 91
99 1 2 0 8 91 92
100 1 2 0 8 92 93
101 1 2 0 8 93 3
102 1 2 0 9 3 94
103 1 2 0 9 94 95
104 1 2 0 9 95 96
105 1 2 0 9 96 97
106 1 2 0 9 97 98
107 1 2 0 9 98 99
108 1 2 0 9 99 100
109 1 2 0 9 100 101
110 1 2 0 9 101 102
111 1 2 0 9 102 103
112 1 2 0 9 103 104
113 1 2 0 9 104 105
114 1 2 0 9 105 106
115 1 2 0 9 106 107
116 1 2 0 9 107 108
117 1 2 0 9 108 109
118 1 2 0 9 109 110
119 1 2 0 9 110 111
120 1 2 0 9 111 112
121 1 2 0 9 112 113
122 1 2 0 9 113 114
123 1 2 0 9 114 115
124 1 2 0 9 115 116
125 1 2 0 9 116 117
126 1 2 0 9 117 118
127 1 2 0 9 118 119
128 1 2 0 9 119 120
129 1 2 0 9 120 121
130 1 2 0 9 121 122
131 1 2 0 9 122 123
132 1 2 0 9 123 124
133 1 2 0 9 124 125
134 1 2 0 9 125 126
135 1 2 0 9 126 127
136 1 2 0 9 127 128
137 1 2 0 9 128 129
138 1 2 0 9 129 130
139 1 2 0 9 130 131
140 1 2 0 9 131 132
141 1 2 0 9 132 133
142 1 2 0 9 133 134
143 1 2 0 9 134 135
144 1 2 0 9 135 136
145 1 2 0 9 136 137
146 1 2 0 9 137 138
147 1 2 0 9 138 139
148 1 2 0 9 139 140
149 1 2 0 9 140 2
150 1 2 0 10 2 141
151 1 2 0 10 141 142
152 1 2 0 10 142 143
153 1 2 0 10 143 144
154 1 2 0 10 144 145
155 1 2 0 10 145 146
156 1 2 0 10 146 147
157 1 2 0 10 147 148
158 1 2 0 10 148 149
159 1 2 0 10 149 150
160 1 2 0 10 150 1
161 2 2 0 1 400 872 742
162 2 2 0 1 505 826 710
163 2 2 0 1 400 742 736
164 2 2 0 1 452 469 220
165 2 2 0 1 407 409 179
166 2 2 0 1 131 777 130
167 2 2 0 1 455 773 389
168 2 2 0 1 363 652 651
169 2 2 0 1 651 759 363
170 2 2 0 1 335 892 538
171 2 2 0 1 681 688 684
172 2 2 0 1 736 745 400
173 2 2 0 1 176 782 763
174 2 2 0 1 763 782 617
175 2 2 0 1 710 826 168
176 2 2 0 1 29 579 28
177 2 2 0 1 456 773 455
178 2 2 0 1 547 798 378
179 2 2 0 1 231 745 736
180 2 2 0 1 220 468 452
181 2 2 0 1 335 538 333
182 2 2 0 1 654 656 170
183 2 2 0 1 766 784 405
184 2 2 0 1 659 759 651
185 2 2 0 1 197 461 78
186 2 2 0 1 204 784 766
187 2 2 0 1 659 778 759
188 2 2 0 1 378 831 547
189 2 2 0 1 155 577 548
190 2 2 0 1 176 763 609
191 2 2 0 1 609 874 176
192 2 2 0 1 182 472 471
193 2 2 0 1 179 420 407
194 2 2 0 1 500 777 131
195 2 2 0 1 748 811 534
196 2 2 0 1 364 778 659
197 2 2 0 1 55 420 54
198 2 2 0 1 157 570 567
199 2 2 0 1 659 796 364
200 2 2 0 1 171 500 132
201 2 2 0 1 782 800 617
202 2 2 0 1 617 800 618
203 2 2 0 1 159 463 462
204 2 2 0 1 166 842 404
205 2 2 0 1 405 745 231
206 2 2 0 1 409 410 179
207 2 2 0 1 231 766 405
208 2 2 0 1 159 755 463
209 2 2 0 1 340 892 335
210 2 2 0 1 404 848 166
211 2 2 0 1 142 523 141
212 2 2 0 1 132 500 131
213 2 2 0 1 54 420 179
214 2 2 0 1 476 751 459
215 2 2 0 1 119 795 658
216 2 2 0 1 170 853 654
217 2 2 0 1 579 897 28
218 2 2 0 1 681 684 683
219 2 2 0 1 577 798 548
220 2 2 0 1 729 863 813
221 2 2 0 1 813 863 673
222 2 2 0 1 658 871 119
223 2 2 0 1 471 843 182
224 2 2 0 1 653 703 655
225 2 2 0 1 78 461 77
226 2 2 0 1 493 500 171
227 2 2 0 1 576 801 25
228 2 2 0 1 797 829 116
229 2 2 0 1 25 875 576
230 2 2 0 1 450 823 799
231 2 2 0 1 542 805 785
232 2 2 0 1 463 755 466
233 2 2 0 1 196 814 468
234 2 2 0 1 449 823 450
235 2 2 0 1 785 805 345
236 2 2 0 1 468 857 196
237 2 2 0 1 755 775 466
238 2 2 0 1 157 579 29
239 2 2 0 1 417 820 190
240 2 2 0 1 192 457 453
241 2 2 0 1 190 835 417
242 2 2 0 1 341 811 748
243 2 2 0 1 627 815 177
244 2 2 0 1 390 806 419
245 2 2 0 1 177 830 627
246 2 2 0 1 330 753 332
247 2 2 0 1 523 865 141
248 2 2 0 1 355 489 487
249 2 2 0 1 690 691 357
250 2 2 0 1 453 476 192
251 2 2 0 1 157 578 570
252 2 2 0 1 355 490 489
253 2 2 0 1 830 847 627
254 2 2 0 1 567 579 157
255 2 2 0 1 341 748 541
256 2 2 0 1 627 847 628
257 2 2 0 1 332 490 334
258 2 2 0 1 332 753 490
259 2 2 0 1 388 758 665
260 2 2 0 1 681 876 688
261 2 2 0 1 742 872 418
262 2 2 0 1 416 804 417
263 2 2 0 1 130 777 169
264 2 2 0 1 357 879 690
265 2 2 0 1 31 578 30
266 2 2 0 1 675 832 674
267 2 2 0 1 541 771 341
268 2 2 0 1 804 820 417
269 2 2 0 1 747 786 781
270 2 2 0 1 689 879 277
271 2 2 0 1 675 856 832
272 2 2 0 1 403 829 797
273 2 2 0 1 277 818 689
274 2 2 0 1 197 789 461
275 2 2 0 1 653 864 703
276 2 2 0 1 352 496 494
277 2 2 0 1 453 751 476
278 2 2 0 1 513 737 152
279 2 2 0 1 416 784 204
280 2 2 0 1 196 773 456
281 2 2 0 1 542 771 541
282 2 2 0 1 487 560 355
283 2 2 0 1 548 798 547
284 2 2 0 1 454 476 459
285 2 2 0 1 762 779 164
286 2 2 0 1 204 804 416
287 2 2 0 1 334 490 355
288 2 2 0 1 503 880 169
289 2 2 0 1 213 793 522
290 2 2 0 1 542 785 771
291 2 2 0 1 169 899 503
292 2 2 0 1 283 738 286
293 2 2 0 1 709 842 657
294 2 2 0 1 55 758 420
295 2 2 0 1 595 834 821
296 2 2 0 1 456 814 196
297 2 2 0 1 618 800 177
298 2 2 0 1 492 493 171
299 2 2 0 1 182 473 472
300 2 2 0 1 527 862 858
301 2 2 0 1 572 727 580
302 2 2 0 1 508 826 505
303 2 2 0 1 492 735 488
304 2 2 0 1 177 815 618
305 2 2 0 1 498 743 501
306 2 2 0 1 326 506 328
307 2 2 0 1 589 787 783
308 2 2 0 1 457 885 458
309 2 2 0 1 30 578 157
310 2 2 0 1 486 560 487
311 2 2 0 1 694 738 283
312 2 2 0 1 352 506 496
313 2 2 0 1 457 904 885
314 2 2 0 1 851 855 40
315 2 2 0 1 166 871 842
316 2 2 0 1 858 862 382
317 2 2 0 1 841 846 551
318 2 2 0 1 340 877 553
319 2 2 0 1 419 812 390
320 2 2 0 1 420 758 388
321 2 2 0 1 501 743 349
322 2 2 0 1 781 786 219
323 2 2 0 1 553 892 340
324 2 2 0 1 352 753 330
325 2 2 0 1 4 746 88
326 2 2 0 1 574 897 579
327 2 2 0 1 603 855 851
328 2 2 0 1 422 665 180
329 2 2 0 1 31 727 578
330 2 2 0 1 180 664 422
331 2 2 0 1 674 832 344
332 2 2 0 1 281 694 283
333 2 2 0 1 349 504 501
334 2 2 0 1 89 746 4
335 2 2 0 1 690 879 689
336 2 2 0 1 239 664 214
337 2 2 0 1 821 834 174
338 2 2 0 1 665 732 376
339 2 2 0 1 395 846 841
340 2 2 0 1 520 827 822
341 2 2 0 1 683 684 354
342 2 2 0 1 454 459 427
343 2 2 0 1 580 727 172
344 2 2 0 1 404 842 709
345 2 2 0 1 665 758 180
346 2 2 0 1 718 776 770
347 2 2 0 1 683 888 682
348 2 2 0 1 578 727 572
349 2 2 0 1 92 426 201
350 2 2 0 1 328 506 352
351 2 2 0 1 494 753 352
352 2 2 0 1 683 901 888
353 2 2 0 1 409 411 410
354 2 2 0 1 731 881 450
355 2 2 0 1 375 576 575
356 2 2 0 1 286 738 362
357 2 2 0 1 772 806 390
358 2 2 0 1 368 560 486
359 2 2 0 1 661 826 508
360 2 2 0 1 193 836 556
361 2 2 0 1 243 471 425
362 2 2 0 1 695 779 762
363 2 2 0 1 506 743 498
364 2 2 0 1 489 492 488
365 2 2 0 1 426 454 427
366 2 2 0 1 421 760 454
367 2 2 0 1 575 875 156
368 2 2 0 1 171 735 492
369 2 2 0 1 421 426 93
370 2 2 0 1 534 811 538
371 2 2 0 1 656 795 170
372 2 2 0 1 357 694 281
373 2 2 0 1 447 747 475
374 2 2 0 1 351 856 675
375 2 2 0 1 486 749 368
376 2 2 0 1 326 743 506
377 2 2 0 1 319 525 322
378 2 2 0 1 37 816 807
379 2 2 0 1 93 426 92
380 2 2 0 1 349 525 504
381 2 2 0 1 426 427 201
382 2 2 0 1 691 694 357
383 2 2 0 1 690 692 691
384 2 2 0 1 675 870 351
385 2 2 0 1 514 764 212
386 2 2 0 1 429 459 432
387 2 2 0 1 555 891 465
388 2 2 0 1 454 760 476
389 2 2 0 1 344 878 674
390 2 2 0 1 490 491 489
391 2 2 0 1 423 867 410
392 2 2 0 1 213 837 793
393 2 2 0 1 427 459 429
394 2 2 0 1 418 872 402
395 2 2 0 1 422 664 239
396 2 2 0 1 422 732 665
397 2 2 0 1 214 664 10
398 2 2 0 1 388 665 376
399 2 2 0 1 783 787 173
400 2 2 0 1 3 421 93
401 2 2 0 1 450 838 731
402 2 2 0 1 576 875 575
403 2 2 0 1 175 844 604
404 2 2 0 1 172 583 580
405 2 2 0 1 513 837 737
406 2 2 0 1 462 465 159
407 2 2 0 1 178 854 628
408 2 2 0 1 867 902 410
409 2 2 0 1 822 827 393
410 2 2 0 1 570 578 572
411 2 2 0 1 318 525 319
412 2 2 0 1 322 525 349
413 2 2 0 1 155 801 577
414 2 2 0 1 693 817 107
415 2 2 0 1 428 474 201
416 2 2 0 1 507 525 318
417 2 2 0 1 565 579 567
418 2 2 0 1 574 579 565
419 2 2 0 1 519 823 449
420 2 2 0 1 90 215 89
421 2 2 0 1 475 747 215
422 2 2 0 1 538 811 333
423 2 2 0 1 447 786 747
424 2 2 0 1 657 828 709
425 2 2 0 1 496 506 498
426 2 2 0 1 484 749 486
427 2 2 0 1 770 776 424
428 2 2 0 1 684 685 354
429 2 2 0 1 427 428 201
430 2 2 0 1 23 741 22
431 2 2 0 1 611 874 609
432 2 2 0 1 508 884 661
433 2 2 0 1 474 475 215
434 2 2 0 1 428 475 474
435 2 2 0 1 411 423 410
436 2 2 0 1 375 577 576
437 2 2 0 1 363 653 652
438 2 2 0 1 237 413 412
439 2 2 0 1 749 765 368
440 2 2 0 1 421 454 426
441 2 2 0 1 178 867 423
442 2 2 0 1 459 751 432
443 2 2 0 1 85 389 84
444 2 2 0 1 201 474 91
445 2 2 0 1 458 885 206
446 2 2 0 1 691 695 694
447 2 2 0 1 442 447 430
448 2 2 0 1 22 741 549
449 2 2 0 1 234 237 236
450 2 2 0 1 491 492 489
451 2 2 0 1 447 475 430
452 2 2 0 1 435 515 452
453 2 2 0 1 430 475 428
454 2 2 0 1 90 474 215
455 2 2 0 1 237 414 413
456 2 2 0 1 221 477 229
457 2 2 0 1 465 861 555
458 2 2 0 1 21 549 154
459 2 2 0 1 172 756 583
460 2 2 0 1 22 549 21
461 2 2 0 1 237 470 414
462 2 2 0 1 730 802 794
463 2 2 0 1 504 525 507
464 2 2 0 1 442 455 447
465 2 2 0 1 548 741 155
466 2 2 0 1 449 839 519
467 2 2 0 1 136 483 183
468 2 2 0 1 154 545 539
469 2 2 0 1 480 484 483
470 2 2 0 1 225 477 221
471 2 2 0 1 234 470 237
472 2 2 0 1 521 523 522
473 2 2 0 1 155 741 23
474 2 2 0 1 318 754 507
475 2 2 0 1 81 220 6
476 2 2 0 1 211 559 67
477 2 2 0 1 67 559 66
478 2 2 0 1 367 512 511
479 2 2 0 1 367 511 360
480 2 2 0 1 409 750 411
481 2 2 0 1 539 544 154
482 2 2 0 1 20 544 19
483 2 2 0 1 478 479 210
484 2 2 0 1 479 521 482
485 2 2 0 1 137 483 136
486 2 2 0 1 365 510 509
487 2 2 0 1 480 749 484
488 2 2 0 1 540 545 543
489 2 2 0 1 521 522 482
490 2 2 0 1 432 751 434
491 2 2 0 1 154 544 20
492 2 2 0 1 427 429 428
493 2 2 0 1 483 484 183
494 2 2 0 1 235 523 521
495 2 2 0 1 229 516 216
496 2 2 0 1 138 478 210
497 2 2 0 1 229 517 516
498 2 2 0 1 164 779 696
499 2 2 0 1 13 520 223
500 2 2 0 1 684 686 685
501 2 2 0 1 365 509 366
502 2 2 0 1 218 518 205
503 2 2 0 1 511 513 510
504 2 2 0 1 478 521 479
505 2 2 0 1 539 545 540
506 2 2 0 1 436 515 435
507 2 2 0 1 154 549 545
508 2 2 0 1 425 471 387
509 2 2 0 1 507 754 508
510 2 2 0 1 509 514 406
511 2 2 0 1 411 424 423
512 2 2 0 1 471 472 387
513 2 2 0 1 429 430 428
514 2 2 0 1 19 733 18
515 2 2 0 1 544 733 19
516 2 2 0 1 224 890 859
517 2 2 0 1 61 561 202
518 2 2 0 1 62 561 61
519 2 2 0 1 653 654 652
520 2 2 0 1 237 412 236
521 2 2 0 1 512 513 511
522 2 2 0 1 235 521 478
523 2 2 0 1 440 443 439
524 2 2 0 1 458 524 441
525 2 2 0 1 510 514 509
526 2 2 0 1 134 739 735
527 2 2 0 1 140 235 139
528 2 2 0 1 479 482 481
529 2 2 0 1 438 439 436
530 2 2 0 1 235 478 139
531 2 2 0 1 545 546 543
532 2 2 0 1 406 419 399
533 2 2 0 1 438 440 439
534 2 2 0 1 383 406 399
535 2 2 0 1 444 445 443
536 2 2 0 1 346 360 339
537 2 2 0 1 387 477 225
538 2 2 0 1 216 516 208
539 2 2 0 1 205 518 200
540 2 2 0 1 153 529 17
541 2 2 0 1 202 551 60
542 2 2 0 1 338 339 337
543 2 2 0 1 440 444 443
544 2 2 0 1 215 746 89
545 2 2 0 1 360 511 365
546 2 2 0 1 153 530 529
547 2 2 0 1 524 886 839
548 2 2 0 1 153 531 530
549 2 2 0 1 210 483 137
550 2 2 0 1 346 367 360
551 2 2 0 1 13 223 12
552 2 2 0 1 366 509 383
553 2 2 0 1 443 451 439
554 2 2 0 1 460 461 445
555 2 2 0 1 526 527 191
556 2 2 0 1 446 460 445
557 2 2 0 1 15 526 191
558 2 2 0 1 221 229 216
559 2 2 0 1 434 436 435
560 2 2 0 1 191 520 14
561 2 2 0 1 491 493 492
562 2 2 0 1 338 346 339
563 2 2 0 1 208 516 218
564 2 2 0 1 208 218 205
565 2 2 0 1 58 187 10
566 2 2 0 1 200 518 206
567 2 2 0 1 431 442 430
568 2 2 0 1 434 435 433
569 2 2 0 1 200 206 198
570 2 2 0 1 383 509 406
571 2 2 0 1 373 558 401
572 2 2 0 1 437 438 436
573 2 2 0 1 187 214 10
574 2 2 0 1 518 519 206
575 2 2 0 1 537 553 552
576 2 2 0 1 336 337 335
577 2 2 0 1 479 481 480
578 2 2 0 1 432 434 433
579 2 2 0 1 242 425 387
580 2 2 0 1 444 446 445
581 2 2 0 1 365 511 510
582 2 2 0 1 189 194 188
583 2 2 0 1 360 365 361
584 2 2 0 1 186 188 185
585 2 2 0 1 233 400 238
586 2 2 0 1 336 338 337
587 2 2 0 1 242 387 225
588 2 2 0 1 17 529 16
589 2 2 0 1 184 185 181
590 2 2 0 1 735 739 488
591 2 2 0 1 138 210 137
592 2 2 0 1 207 208 205
593 2 2 0 1 15 191 14
594 2 2 0 1 203 205 200
595 2 2 0 1 537 552 532
596 2 2 0 1 435 452 448
597 2 2 0 1 195 198 194
598 2 2 0 1 136 183 135
599 2 2 0 1 14 520 13
600 2 2 0 1 187 233 214
601 2 2 0 1 199 200 198
602 2 2 0 1 402 882 418
603 2 2 0 1 479 480 210
604 2 2 0 1 209 216 208
605 2 2 0 1 338 560 368
606 2 2 0 1 232 234 228
607 2 2 0 1 531 532 530
608 2 2 0 1 684 688 686
609 2 2 0 1 686 687 685
610 2 2 0 1 457 458 441
611 2 2 0 1 366 383 381
612 2 2 0 1 139 478 138
613 2 2 0 1 337 340 335
614 2 2 0 1 434 437 436
615 2 2 0 1 240 405 244
616 2 2 0 1 252 722 373
617 2 2 0 1 383 399 393
618 2 2 0 1 484 485 183
619 2 2 0 1 233 238 214
620 2 2 0 1 18 733 153
621 2 2 0 1 490 753 491
622 2 2 0 1 653 655 654
623 2 2 0 1 217 221 216
624 2 2 0 1 60 551 59
625 2 2 0 1 187 550 402
626 2 2 0 1 336 560 338
627 2 2 0 1 441 524 438
628 2 2 0 1 360 361 339
629 2 2 0 1 158 181 3
630 2 2 0 1 16 526 15
631 2 2 0 1 437 441 438
632 2 2 0 1 186 189 188
633 2 2 0 1 184 186 185
634 2 2 0 1 246 416 379
635 2 2 0 1 158 184 181
636 2 2 0 1 448 554 433
637 2 2 0 1 546 547 543
638 2 2 0 1 545 549 546
639 2 2 0 1 532 552 530
640 2 2 0 1 59 551 550
641 2 2 0 1 534 537 532
642 2 2 0 1 188 192 185
643 2 2 0 1 334 335 333
644 2 2 0 1 373 722 558
645 2 2 0 1 484 486 485
646 2 2 0 1 334 336 335
647 2 2 0 1 526 528 527
648 2 2 0 1 472 477 387
649 2 2 0 1 58 550 187
650 2 2 0 1 438 524 440
651 2 2 0 1 238 240 239
652 2 2 0 1 189 195 194
653 2 2 0 1 95 555 94
654 2 2 0 1 332 334 333
655 2 2 0 1 337 734 340
656 2 2 0 1 332 333 331
657 2 2 0 1 432 433 431
658 2 2 0 1 416 417 379
659 2 2 0 1 187 402 233
660 2 2 0 1 395 470 234
661 2 2 0 1 203 207 205
662 2 2 0 1 401 721 720
663 2 2 0 1 330 332 331
664 2 2 0 1 373 401 374
665 2 2 0 1 195 199 198
666 2 2 0 1 491 494 493
667 2 2 0 1 83 196 82
668 2 2 0 1 199 203 200
669 2 2 0 1 530 552 528
670 2 2 0 1 695 738 694
671 2 2 0 1 252 373 348
672 2 2 0 1 687 689 685
673 2 2 0 1 688 693 686
674 2 2 0 1 68 557 211
675 2 2 0 1 238 239 214
676 2 2 0 1 234 236 228
677 2 2 0 1 330 331 329
678 2 2 0 1 655 656 654
679 2 2 0 1 534 538 537
680 2 2 0 1 70 193 69
681 2 2 0 1 207 209 208
682 2 2 0 1 625 629 350
683 2 2 0 1 16 529 526
684 2 2 0 1 57 664 180
685 2 2 0 1 10 664 57
686 2 2 0 1 625 717 623
687 2 2 0 1 193 557 69
688 2 2 0 1 244 246 245
689 2 2 0 1 629 630 350
690 2 2 0 1 435 448 433
691 2 2 0 1 240 244 241
692 2 2 0 1 338 368 346
693 2 2 0 1 546 548 547
694 2 2 0 1 158 224 184
695 2 2 0 1 365 366 361
696 2 2 0 1 328 330 329
697 2 2 0 1 331 341 329
698 2 2 0 1 334 355 336
699 2 2 0 1 350 717 625
700 2 2 0 1 343 631 268
701 2 2 0 1 622 631 343
702 2 2 0 1 262 630 260
703 2 2 0 1 268 631 266
704 2 2 0 1 59 550 58
705 2 2 0 1 615 622 343
706 2 2 0 1 160 677 676
707 2 2 0 1 615 716 613
708 2 2 0 1 100 677 160
709 2 2 0 1 181 421 3
710 2 2 0 1 531 533 532
711 2 2 0 1 687 690 689
712 2 2 0 1 350 630 262
713 2 2 0 1 68 211 67
714 2 2 0 1 655 657 656
715 2 2 0 1 101 677 100
716 2 2 0 1 69 557 68
717 2 2 0 1 92 201 91
718 2 2 0 1 328 329 327
719 2 2 0 1 343 716 615
720 2 2 0 1 288 620 274
721 2 2 0 1 612 620 288
722 2 2 0 1 533 534 532
723 2 2 0 1 274 620 272
724 2 2 0 1 246 379 247
725 2 2 0 1 61 202 60
726 2 2 0 1 288 621 612
727 2 2 0 1 401 720 374
728 2 2 0 1 671 673 672
729 2 2 0 1 101 714 677
730 2 2 0 1 452 468 448
731 2 2 0 1 373 374 348
732 2 2 0 1 621 713 608
733 2 2 0 1 669 671 668
734 2 2 0 1 623 717 631
735 2 2 0 1 669 674 671
736 2 2 0 1 669 678 675
737 2 2 0 1 667 678 669
738 2 2 0 1 102 714 101
739 2 2 0 1 667 669 668
740 2 2 0 1 285 633 280
741 2 2 0 1 632 633 285
742 2 2 0 1 449 450 446
743 2 2 0 1 619 623 622
744 2 2 0 1 657 658 656
745 2 2 0 1 623 631 622
746 2 2 0 1 626 629 625
747 2 2 0 1 667 668 161
748 2 2 0 1 280 633 278
749 2 2 0 1 635 712 599
750 2 2 0 1 288 713 621
751 2 2 0 1 249 722 252
752 2 2 0 1 624 625 623
753 2 2 0 1 619 622 616
754 2 2 0 1 613 716 620
755 2 2 0 1 285 635 632
756 2 2 0 1 607 621 605
757 2 2 0 1 680 711 162
758 2 2 0 1 670 678 667
759 2 2 0 1 612 621 607
760 2 2 0 1 673 676 672
761 2 2 0 1 618 619 616
762 2 2 0 1 605 621 608
763 2 2 0 1 666 711 670
764 2 2 0 1 293 637 287
765 2 2 0 1 636 637 293
766 2 2 0 1 666 670 667
767 2 2 0 1 616 622 615
768 2 2 0 1 610 613 612
769 2 2 0 1 285 712 635
770 2 2 0 1 681 682 679
771 2 2 0 1 613 620 612
772 2 2 0 1 328 352 330
773 2 2 0 1 666 667 161
774 2 2 0 1 619 624 623
775 2 2 0 1 287 637 284
776 2 2 0 1 596 635 599
777 2 2 0 1 671 672 668
778 2 2 0 1 383 393 381
779 2 2 0 1 614 615 613
780 2 2 0 1 610 612 607
781 2 2 0 1 608 713 633
782 2 2 0 1 670 711 680
783 2 2 0 1 638 706 634
784 2 2 0 1 326 328 327
785 2 2 0 1 669 675 674
786 2 2 0 1 293 638 636
787 2 2 0 1 609 610 607
788 2 2 0 1 670 679 678
789 2 2 0 1 681 683 682
790 2 2 0 1 293 706 638
791 2 2 0 1 605 608 601
792 2 2 0 1 598 635 596
793 2 2 0 1 347 639 298
794 2 2 0 1 610 614 613
795 2 2 0 1 634 706 297
796 2 2 0 1 587 639 347
797 2 2 0 1 590 638 634
798 2 2 0 1 297 639 634
799 2 2 0 1 604 605 601
800 2 2 0 1 599 712 637
801 2 2 0 1 298 639 297
802 2 2 0 1 600 601 598
803 2 2 0 1 347 640 587
804 2 2 0 1 608 633 632
805 2 2 0 1 606 607 605
806 2 2 0 1 640 705 582
807 2 2 0 1 601 632 598
808 2 2 0 1 632 635 598
809 2 2 0 1 209 217 216
810 2 2 0 1 342 642 304
811 2 2 0 1 592 638 590
812 2 2 0 1 596 599 594
813 2 2 0 1 641 642 342
814 2 2 0 1 595 596 594
815 2 2 0 1 600 604 601
816 2 2 0 1 304 642 302
817 2 2 0 1 347 705 640
818 2 2 0 1 593 594 592
819 2 2 0 1 584 640 581
820 2 2 0 1 643 702 569
821 2 2 0 1 597 598 596
822 2 2 0 1 342 643 641
823 2 2 0 1 111 696 110
824 2 2 0 1 164 696 111
825 2 2 0 1 660 662 661
826 2 2 0 1 587 640 584
827 2 2 0 1 599 637 636
828 2 2 0 1 594 636 592
829 2 2 0 1 660 661 650
830 2 2 0 1 581 640 582
831 2 2 0 1 697 699 698
832 2 2 0 1 591 592 590
833 2 2 0 1 614 616 615
834 2 2 0 1 608 632 601
835 2 2 0 1 568 643 569
836 2 2 0 1 162 711 105
837 2 2 0 1 104 711 666
838 2 2 0 1 590 634 588
839 2 2 0 1 342 702 643
840 2 2 0 1 636 638 592
841 2 2 0 1 582 705 642
842 2 2 0 1 586 588 587
843 2 2 0 1 315 645 310
844 2 2 0 1 589 590 588
845 2 2 0 1 168 662 126
846 2 2 0 1 593 595 594
847 2 2 0 1 644 645 315
848 2 2 0 1 562 644 315
849 2 2 0 1 310 645 308
850 2 2 0 1 586 587 584
851 2 2 0 1 125 662 660
852 2 2 0 1 114 697 113
853 2 2 0 1 165 697 114
854 2 2 0 1 126 662 125
855 2 2 0 1 588 639 587
856 2 2 0 1 112 698 164
857 2 2 0 1 571 643 568
858 2 2 0 1 697 698 113
859 2 2 0 1 581 582 573
860 2 2 0 1 591 593 592
861 2 2 0 1 580 581 573
862 2 2 0 1 583 584 581
863 2 2 0 1 599 636 594
864 2 2 0 1 562 701 396
865 2 2 0 1 315 701 562
866 2 2 0 1 167 650 648
867 2 2 0 1 572 573 571
868 2 2 0 1 569 702 645
869 2 2 0 1 125 660 124
870 2 2 0 1 585 586 584
871 2 2 0 1 573 641 571
872 2 2 0 1 563 644 562
873 2 2 0 1 586 589 588
874 2 2 0 1 641 643 571
875 2 2 0 1 650 659 648
876 2 2 0 1 167 660 650
877 2 2 0 1 582 642 641
878 2 2 0 1 568 569 566
879 2 2 0 1 567 568 566
880 2 2 0 1 648 659 651
881 2 2 0 1 634 639 588
882 2 2 0 1 651 652 649
883 2 2 0 1 580 583 581
884 2 2 0 1 572 580 573
885 2 2 0 1 604 606 605
886 2 2 0 1 648 651 649
887 2 2 0 1 570 571 568
888 2 2 0 1 566 644 563
889 2 2 0 1 565 566 563
890 2 2 0 1 113 698 112
891 2 2 0 1 320 646 317
892 2 2 0 1 317 646 314
893 2 2 0 1 396 701 646
894 2 2 0 1 569 645 644
895 2 2 0 1 649 663 647
896 2 2 0 1 397 562 396
897 2 2 0 1 648 649 647
898 2 2 0 1 565 567 566
899 2 2 0 1 396 646 358
900 2 2 0 1 358 646 320
901 2 2 0 1 370 396 358
902 2 2 0 1 124 660 167
903 2 2 0 1 167 648 647
904 2 2 0 1 370 397 396
905 2 2 0 1 647 663 122
906 2 2 0 1 121 663 170
907 2 2 0 1 122 663 121
908 2 2 0 1 567 570 568
909 2 2 0 1 569 644 566
910 2 2 0 1 356 358 320
911 2 2 0 1 582 641 573
912 2 2 0 1 397 563 562
913 2 2 0 1 589 591 590
914 2 2 0 1 356 369 358
915 2 2 0 1 30 157 29
916 2 2 0 1 167 647 123
917 2 2 0 1 124 167 123
918 2 2 0 1 127 168 126
919 2 2 0 1 130 169 129
920 2 2 0 1 133 171 132
921 2 2 0 1 33 172 32
922 2 2 0 1 36 173 35
923 2 2 0 1 48 177 47
924 2 2 0 1 39 174 38
925 2 2 0 1 54 179 53
926 2 2 0 1 42 175 41
927 2 2 0 1 45 176 44
928 2 2 0 1 121 170 120
929 2 2 0 1 123 647 122
930 2 2 0 1 51 178 50
931 2 2 0 1 57 180 56
932 2 2 0 1 97 159 96
933 2 2 0 1 100 160 99
934 2 2 0 1 112 164 111
935 2 2 0 1 115 165 114
936 2 2 0 1 118 166 117
937 2 2 0 1 103 161 102
938 2 2 0 1 106 162 105
939 2 2 0 1 109 163 108
940 2 2 0 1 94 158 3
941 2 2 0 1 104 666 103
942 2 2 0 1 27 156 26
943 2 2 0 1 21 154 20
944 2 2 0 1 18 153 17
945 2 2 0 1 24 155 23
946 2 2 0 1 103 666 161
947 2 2 0 1 369 370 358
948 2 2 0 1 322 349 324
949 2 2 0 1 326 327 325
950 2 2 0 1 325 345 323
951 2 2 0 1 324 326 325
952 2 2 0 1 324 325 323
953 2 2 0 1 321 356 320
954 2 2 0 1 319 320 317
955 2 2 0 1 322 324 323
956 2 2 0 1 369 375 370
957 2 2 0 1 322 323 321
958 2 2 0 1 319 322 321
959 2 2 0 1 319 321 320
960 2 2 0 1 356 378 369
961 2 2 0 1 345 700 323
962 2 2 0 1 321 700 356
963 2 2 0 1 323 700 321
964 2 2 0 1 570 572 571
965 2 2 0 1 356 700 378
966 2 2 0 1 595 597 596
967 2 2 0 1 318 319 317
968 2 2 0 1 564 565 563
969 2 2 0 1 397 564 563
970 2 2 0 1 316 318 317
971 2 2 0 1 564 574 565
972 2 2 0 1 312 315 310
973 2 2 0 1 313 364 316
974 2 2 0 1 316 317 314
975 2 2 0 1 646 701 314
976 2 2 0 1 313 316 314
977 2 2 0 1 312 701 315
978 2 2 0 1 313 314 312
979 2 2 0 1 314 701 312
980 2 2 0 1 583 585 584
981 2 2 0 1 311 313 312
982 2 2 0 1 311 312 310
983 2 2 0 1 309 311 310
984 2 2 0 1 306 342 304
985 2 2 0 1 307 363 309
986 2 2 0 1 309 310 308
987 2 2 0 1 307 309 308
988 2 2 0 1 307 308 306
989 2 2 0 1 645 702 308
990 2 2 0 1 305 307 306
991 2 2 0 1 305 306 304
992 2 2 0 1 308 702 306
993 2 2 0 1 303 305 304
994 2 2 0 1 300 347 298
995 2 2 0 1 301 359 303
996 2 2 0 1 306 702 342
997 2 2 0 1 394 398 372
998 2 2 0 1 303 304 302
999 2 2 0 1 301 303 302
1000 2 2 0 1 301 302 300
1001 2 2 0 1 597 600 598
1002 2 2 0 1 371 392 391
1003 2 2 0 1 303 703 305
1004 2 2 0 1 624 626 625
1005 2 2 0 1 359 703 303
1006 2 2 0 1 299 301 300
1007 2 2 0 1 296 299 298
1008 2 2 0 1 299 300 298
1009 2 2 0 1 642 705 302
1010 2 2 0 1 296 297 292
1011 2 2 0 1 394 404 398
1012 2 2 0 1 591 602 593
1013 2 2 0 1 391 403 394
1014 2 2 0 1 296 298 297
1015 2 2 0 1 391 394 372
1016 2 2 0 1 302 705 300
1017 2 2 0 1 371 391 372
1018 2 2 0 1 291 371 295
1019 2 2 0 1 398 704 372
1020 2 2 0 1 295 296 292
1021 2 2 0 1 371 372 295
1022 2 2 0 1 398 707 704
1023 2 2 0 1 301 707 359
1024 2 2 0 1 291 295 292
1025 2 2 0 1 289 708 291
1026 2 2 0 1 300 705 347
1027 2 2 0 1 704 707 299
1028 2 2 0 1 296 704 299
1029 2 2 0 1 606 609 607
1030 2 2 0 1 291 292 290
1031 2 2 0 1 372 704 295
1032 2 2 0 1 290 293 287
1033 2 2 0 1 295 704 296
1034 2 2 0 1 371 708 392
1035 2 2 0 1 297 706 292
1036 2 2 0 1 597 603 600
1037 2 2 0 1 289 291 290
1038 2 2 0 1 299 707 301
1039 2 2 0 1 292 706 290
1040 2 2 0 1 707 709 359
1041 2 2 0 1 362 708 289
1042 2 2 0 1 289 290 287
1043 2 2 0 1 290 706 293
1044 2 2 0 1 286 362 289
1045 2 2 0 1 291 708 371
1046 2 2 0 1 398 709 707
1047 2 2 0 1 404 709 398
1048 2 2 0 1 286 289 287
1049 2 2 0 1 286 287 284
1050 2 2 0 1 283 286 284
1051 2 2 0 1 283 284 282
1052 2 2 0 1 282 285 280
1053 2 2 0 1 439 515 436
1054 2 2 0 1 606 611 609
1055 2 2 0 1 281 283 282
1056 2 2 0 1 105 711 104
1057 2 2 0 1 680 681 679
1058 2 2 0 1 281 282 280
1059 2 2 0 1 279 357 281
1060 2 2 0 1 637 712 284
1061 2 2 0 1 279 281 280
1062 2 2 0 1 279 280 278
1063 2 2 0 1 277 279 278
1064 2 2 0 1 284 712 282
1065 2 2 0 1 507 508 505
1066 2 2 0 1 277 278 276
1067 2 2 0 1 617 618 616
1068 2 2 0 1 672 714 668
1069 2 2 0 1 276 288 274
1070 2 2 0 1 275 277 276
1071 2 2 0 1 282 712 285
1072 2 2 0 1 614 617 616
1073 2 2 0 1 505 710 502
1074 2 2 0 1 502 710 503
1075 2 2 0 1 273 354 275
1076 2 2 0 1 504 507 505
1077 2 2 0 1 275 276 274
1078 2 2 0 1 670 680 679
1079 2 2 0 1 633 713 278
1080 2 2 0 1 94 555 158
1081 2 2 0 1 273 275 274
1082 2 2 0 1 502 503 499
1083 2 2 0 1 677 714 672
1084 2 2 0 1 504 505 502
1085 2 2 0 1 273 274 272
1086 2 2 0 1 271 273 272
1087 2 2 0 1 161 714 102
1088 2 2 0 1 278 713 276
1089 2 2 0 1 271 272 270
1090 2 2 0 1 668 714 161
1091 2 2 0 1 627 628 626
1092 2 2 0 1 270 343 268
1093 2 2 0 1 501 504 502
1094 2 2 0 1 269 271 270
1095 2 2 0 1 276 713 288
1096 2 2 0 1 624 627 626
1097 2 2 0 1 267 351 269
1098 2 2 0 1 269 270 268
1099 2 2 0 1 620 716 272
1100 2 2 0 1 501 502 499
1101 2 2 0 1 267 269 268
1102 2 2 0 1 267 268 266
1103 2 2 0 1 676 677 672
1104 2 2 0 1 265 267 266
1105 2 2 0 1 272 716 270
1106 2 2 0 1 498 501 499
1107 2 2 0 1 265 266 264
1108 2 2 0 1 264 350 262
1109 2 2 0 1 263 265 264
1110 2 2 0 1 270 716 343
1111 2 2 0 1 259 715 261
1112 2 2 0 1 498 499 497
1113 2 2 0 1 261 344 263
1114 2 2 0 1 158 555 224
1115 2 2 0 1 263 264 262
1116 2 2 0 1 631 717 266
1117 2 2 0 1 257 719 259
1118 2 2 0 1 261 263 262
1119 2 2 0 1 361 734 339
1120 2 2 0 1 261 715 344
1121 2 2 0 1 261 262 260
1122 2 2 0 1 249 252 251
1123 2 2 0 1 495 500 493
1124 2 2 0 1 266 717 264
1125 2 2 0 1 496 498 497
1126 2 2 0 1 259 261 260
1127 2 2 0 1 466 467 464
1128 2 2 0 1 294 719 257
1129 2 2 0 1 540 541 536
1130 2 2 0 1 463 464 386
1131 2 2 0 1 259 260 258
1132 2 2 0 1 540 543 542
1133 2 2 0 1 494 495 493
1134 2 2 0 1 630 718 260
1135 2 2 0 1 496 497 495
1136 2 2 0 1 264 717 350
1137 2 2 0 1 259 719 715
1138 2 2 0 1 257 259 258
1139 2 2 0 1 377 408 407
1140 2 2 0 1 258 353 256
1141 2 2 0 1 463 466 464
1142 2 2 0 1 255 294 257
1143 2 2 0 1 252 348 253
1144 2 2 0 1 540 542 541
1145 2 2 0 1 494 496 495
1146 2 2 0 1 260 718 258
1147 2 2 0 1 257 258 256
1148 2 2 0 1 255 257 256
1149 2 2 0 1 258 718 353
1150 2 2 0 1 462 463 386
1151 2 2 0 1 255 256 254
1152 2 2 0 1 252 253 251
1153 2 2 0 1 253 255 254
1154 2 2 0 1 385 462 386
1155 2 2 0 1 374 385 384
1156 2 2 0 1 377 407 388
1157 2 2 0 1 355 560 336
1158 2 2 0 1 253 254 251
1159 2 2 0 1 240 241 239
1160 2 2 0 1 186 190 189
1161 2 2 0 1 539 540 536
1162 2 2 0 1 408 409 407
1163 2 2 0 1 385 386 384
1164 2 2 0 1 407 420 388
1165 2 2 0 1 535 544 539
1166 2 2 0 1 377 724 408
1167 2 2 0 1 377 388 376
1168 2 2 0 1 255 723 294
1169 2 2 0 1 244 245 241
1170 2 2 0 1 453 457 441
1171 2 2 0 1 535 539 536
1172 2 2 0 1 250 724 377
1173 2 2 0 1 535 536 533
1174 2 2 0 1 32 727 31
1175 2 2 0 1 251 724 250
1176 2 2 0 1 374 384 348
1177 2 2 0 1 348 723 253
1178 2 2 0 1 417 558 379
1179 2 2 0 1 249 251 250
1180 2 2 0 1 253 723 255
1181 2 2 0 1 464 726 386
1182 2 2 0 1 353 725 256
1183 2 2 0 1 254 724 251
1184 2 2 0 1 384 723 348
1185 2 2 0 1 250 377 376
1186 2 2 0 1 374 720 385
1187 2 2 0 1 246 247 245
1188 2 2 0 1 250 376 248
1189 2 2 0 1 467 728 464
1190 2 2 0 1 724 725 408
1191 2 2 0 1 531 535 533
1192 2 2 0 1 249 250 248
1193 2 2 0 1 486 487 485
1194 2 2 0 1 384 726 723
1195 2 2 0 1 723 726 294
1196 2 2 0 1 254 725 724
1197 2 2 0 1 153 733 531
1198 2 2 0 1 247 249 248
1199 2 2 0 1 379 722 247
1200 2 2 0 1 467 729 728
1201 2 2 0 1 464 728 726
1202 2 2 0 1 227 418 232
1203 2 2 0 1 247 722 249
1204 2 2 0 1 256 725 254
1205 2 2 0 1 386 726 384
1206 2 2 0 1 529 530 528
1207 2 2 0 1 247 248 245
1208 2 2 0 1 134 735 133
1209 2 2 0 1 172 727 32
1210 2 2 0 1 480 483 210
1211 2 2 0 1 558 722 379
1212 2 2 0 1 726 728 294
1213 2 2 0 1 294 728 719
1214 2 2 0 1 431 554 442
1215 2 2 0 1 531 733 535
1216 2 2 0 1 339 734 337
1217 2 2 0 1 444 449 446
1218 2 2 0 1 728 729 719
1219 2 2 0 1 232 395 234
1220 2 2 0 1 487 489 488
1221 2 2 0 1 380 734 361
1222 2 2 0 1 719 729 715
1223 2 2 0 1 526 529 528
1224 2 2 0 1 241 422 239
1225 2 2 0 1 437 453 441
1226 2 2 0 1 376 732 248
1227 2 2 0 1 242 556 425
1228 2 2 0 1 487 488 485
1229 2 2 0 1 245 732 241
1230 2 2 0 1 199 204 203
1231 2 2 0 1 556 740 415
1232 2 2 0 1 76 151 75
1233 2 2 0 1 73 182 72
1234 2 2 0 1 248 732 245
1235 2 2 0 1 721 835 190
1236 2 2 0 1 75 730 74
1237 2 2 0 1 79 197 78
1238 2 2 0 1 535 733 544
1239 2 2 0 1 135 739 134
1240 2 2 0 1 366 381 380
1241 2 2 0 1 485 739 183
1242 2 2 0 1 217 222 221
1243 2 2 0 1 241 732 422
1244 2 2 0 1 222 225 221
1245 2 2 0 1 451 515 439
1246 2 2 0 1 207 231 209
1247 2 2 0 1 183 739 135
1248 2 2 0 1 133 735 171
1249 2 2 0 1 400 745 238
1250 2 2 0 1 381 382 380
1251 2 2 0 1 442 554 456
1252 2 2 0 1 433 554 431
1253 2 2 0 1 488 739 485
1254 2 2 0 1 366 380 361
1255 2 2 0 1 148 212 147
1256 2 2 0 1 227 232 228
1257 2 2 0 1 146 152 145
1258 2 2 0 1 240 745 405
1259 2 2 0 1 324 743 326
1260 2 2 0 1 222 227 226
1261 2 2 0 1 145 737 144
1262 2 2 0 1 226 242 225
1263 2 2 0 1 209 736 217
1264 2 2 0 1 144 213 143
1265 2 2 0 1 414 757 413
1266 2 2 0 1 151 730 75
1267 2 2 0 1 227 228 226
1268 2 2 0 1 226 740 242
1269 2 2 0 1 546 741 548
1270 2 2 0 1 228 740 226
1271 2 2 0 1 242 740 556
1272 2 2 0 1 107 893 693
1273 2 2 0 1 222 226 225
1274 2 2 0 1 695 791 738
1275 2 2 0 1 227 742 418
1276 2 2 0 1 231 736 209
1277 2 2 0 1 549 741 546
1278 2 2 0 1 236 740 228
1279 2 2 0 1 151 731 730
1280 2 2 0 1 429 431 430
1281 2 2 0 1 517 838 799
1282 2 2 0 1 150 390 149
1283 2 2 0 1 626 744 629
1284 2 2 0 1 429 432 431
1285 2 2 0 1 215 747 746
1286 2 2 0 1 415 740 236
1287 2 2 0 1 152 737 145
1288 2 2 0 1 349 743 324
1289 2 2 0 1 736 742 217
1290 2 2 0 1 442 456 455
1291 2 2 0 1 807 816 602
1292 2 2 0 1 71 243 7
1293 2 2 0 1 144 737 213
1294 2 2 0 1 217 742 222
1295 2 2 0 1 541 748 536
1296 2 2 0 1 91 474 90
1297 2 2 0 1 533 748 534
1298 2 2 0 1 222 742 227
1299 2 2 0 1 408 750 409
1300 2 2 0 1 481 765 749
1301 2 2 0 1 452 895 469
1302 2 2 0 1 353 750 725
1303 2 2 0 1 628 744 626
1304 2 2 0 1 238 745 240
1305 2 2 0 1 491 753 494
1306 2 2 0 1 412 415 236
1307 2 2 0 1 434 751 437
1308 2 2 0 1 316 754 318
1309 2 2 0 1 536 748 533
1310 2 2 0 1 481 749 480
1311 2 2 0 1 97 755 159
1312 2 2 0 1 725 750 408
1313 2 2 0 1 190 859 721
1314 2 2 0 1 212 903 514
1315 2 2 0 1 33 756 172
1316 2 2 0 1 476 760 192
1317 2 2 0 1 56 758 55
1318 2 2 0 1 473 790 472
1319 2 2 0 1 437 751 453
1320 2 2 0 1 389 773 84
1321 2 2 0 1 363 759 309
1322 2 2 0 1 192 760 185
1323 2 2 0 1 181 760 421
1324 2 2 0 1 692 761 696
1325 2 2 0 1 696 761 110
1326 2 2 0 1 109 761 163
1327 2 2 0 1 364 754 316
1328 2 2 0 1 710 860 503
1329 2 2 0 1 698 762 164
1330 2 2 0 1 583 756 585
1331 2 2 0 1 628 847 178
1332 2 2 0 1 609 763 610
1333 2 2 0 1 614 763 617
1334 2 2 0 1 762 791 695
1335 2 2 0 1 718 770 353
1336 2 2 0 1 98 755 97
1337 2 2 0 1 368 765 346
1338 2 2 0 1 65 230 64
1339 2 2 0 1 556 836 425
1340 2 2 0 1 628 854 744
1341 2 2 0 1 559 769 66
1342 2 2 0 1 212 764 147
1343 2 2 0 1 146 764 152
1344 2 2 0 1 34 756 33
1345 2 2 0 1 604 887 175
1346 2 2 0 1 204 766 203
1347 2 2 0 1 341 771 329
1348 2 2 0 1 85 767 389
1349 2 2 0 1 207 766 231
1350 2 2 0 1 156 897 574
1351 2 2 0 1 414 825 810
1352 2 2 0 1 744 776 629
1353 2 2 0 1 182 794 473
1354 2 2 0 1 64 752 63
1355 2 2 0 1 12 772 11
1356 2 2 0 1 83 773 196
1357 2 2 0 1 180 758 56
1358 2 2 0 1 62 768 561
1359 2 2 0 1 173 774 35
1360 2 2 0 1 160 775 99
1361 2 2 0 1 424 776 744
1362 2 2 0 1 351 870 682
1363 2 2 0 1 630 776 718
1364 2 2 0 1 497 777 495
1365 2 2 0 1 367 780 512
1366 2 2 0 1 860 880 503
1367 2 2 0 1 309 759 311
1368 2 2 0 1 746 781 88
1369 2 2 0 1 185 760 181
1370 2 2 0 1 682 888 351
1371 2 2 0 1 313 778 364
1372 2 2 0 1 354 901 683
1373 2 2 0 1 110 761 109
1374 2 2 0 1 472 790 477
1375 2 2 0 1 66 769 8
1376 2 2 0 1 522 833 213
1377 2 2 0 1 756 774 585
1378 2 2 0 1 45 782 176
1379 2 2 0 1 699 762 698
1380 2 2 0 1 152 849 513
1381 2 2 0 1 9 768 62
1382 2 2 0 1 859 890 721
1383 2 2 0 1 423 854 178
1384 2 2 0 1 589 783 591
1385 2 2 0 1 405 784 244
1386 2 2 0 1 246 784 416
1387 2 2 0 1 87 219 86
1388 2 2 0 1 410 902 179
1389 2 2 0 1 794 802 473
1390 2 2 0 1 98 775 755
1391 2 2 0 1 610 763 614
1392 2 2 0 1 443 789 451
1393 2 2 0 1 461 789 445
1394 2 2 0 1 325 785 345
1395 2 2 0 1 575 898 375
1396 2 2 0 1 564 898 575
1397 2 2 0 1 34 774 756
1398 2 2 0 1 229 790 517
1399 2 2 0 1 586 787 589
1400 2 2 0 1 147 764 146
1401 2 2 0 1 708 788 392
1402 2 2 0 1 5 767 85
1403 2 2 0 1 346 765 367
1404 2 2 0 1 839 886 519
1405 2 2 0 1 160 840 775
1406 2 2 0 1 690 792 692
1407 2 2 0 1 780 793 512
1408 2 2 0 1 556 883 193
1409 2 2 0 1 8 769 65
1410 2 2 0 1 88 781 87
1411 2 2 0 1 517 799 516
1412 2 2 0 1 230 752 64
1413 2 2 0 1 203 766 207
1414 2 2 0 1 63 768 9
1415 2 2 0 1 120 795 119
1416 2 2 0 1 650 796 659
1417 2 2 0 1 230 757 752
1418 2 2 0 1 73 794 182
1419 2 2 0 1 117 797 116
1420 2 2 0 1 730 794 74
1421 2 2 0 1 497 899 777
1422 2 2 0 1 206 886 458
1423 2 2 0 1 411 770 424
1424 2 2 0 1 759 778 311
1425 2 2 0 1 692 779 691
1426 2 2 0 1 353 770 750
1427 2 2 0 1 329 771 327
1428 2 2 0 1 177 800 47
1429 2 2 0 1 747 781 746
1430 2 2 0 1 799 838 450
1431 2 2 0 1 688 817 693
1432 2 2 0 1 86 767 5
1433 2 2 0 1 687 792 690
1434 2 2 0 1 165 803 697
1435 2 2 0 1 750 770 411
1436 2 2 0 1 199 804 204
1437 2 2 0 1 36 807 173
1438 2 2 0 1 691 779 695
1439 2 2 0 1 554 814 456
1440 2 2 0 1 543 805 542
1441 2 2 0 1 808 845 413
1442 2 2 0 1 223 772 12
1443 2 2 0 1 151 850 460
1444 2 2 0 1 333 811 331
1445 2 2 0 1 84 773 83
1446 2 2 0 1 738 791 362
1447 2 2 0 1 165 819 803
1448 2 2 0 1 80 809 79
1449 2 2 0 1 35 774 34
1450 2 2 0 1 99 775 98
1451 2 2 0 1 460 881 151
1452 2 2 0 1 729 813 715
1453 2 2 0 1 468 814 448
1454 2 2 0 1 462 824 465
1455 2 2 0 1 629 776 630
1456 2 2 0 1 148 812 212
1457 2 2 0 1 495 777 500
1458 2 2 0 1 518 823 519
1459 2 2 0 1 192 904 457
1460 2 2 0 1 618 815 619
1461 2 2 0 1 624 815 627
1462 2 2 0 1 390 812 149
1463 2 2 0 1 38 816 37
1464 2 2 0 1 107 817 106
1465 2 2 0 1 65 769 230
1466 2 2 0 1 43 874 611
1467 2 2 0 1 220 857 468
1468 2 2 0 1 391 819 403
1469 2 2 0 1 190 820 189
1470 2 2 0 1 595 821 597
1471 2 2 0 1 685 818 354
1472 2 2 0 1 385 824 462
1473 2 2 0 1 389 873 455
1474 2 2 0 1 191 827 520
1475 2 2 0 1 771 785 327
1476 2 2 0 1 757 808 413
1477 2 2 0 1 311 778 313
1478 2 2 0 1 173 787 774
1479 2 2 0 1 2 865 140
1480 2 2 0 1 141 865 2
1481 2 2 0 1 482 780 481
1482 2 2 0 1 662 826 661
1483 2 2 0 1 354 818 275
1484 2 2 0 1 752 768 63
1485 2 2 0 1 168 860 710
1486 2 2 0 1 696 779 692
1487 2 2 0 1 777 899 169
1488 2 2 0 1 775 840 466
1489 2 2 0 1 116 829 115
1490 2 2 0 1 401 835 721
1491 2 2 0 1 48 830 177
1492 2 2 0 1 709 828 359
1493 2 2 0 1 345 831 700
1494 2 2 0 1 243 843 471
1495 2 2 0 1 417 835 558
1496 2 2 0 1 344 832 263
1497 2 2 0 1 515 895 452
1498 2 2 0 1 235 865 523
1499 2 2 0 1 514 903 406
1500 2 2 0 1 46 782 45
1501 2 2 0 1 362 791 788
1502 2 2 0 1 524 839 440
1503 2 2 0 1 70 905 193
1504 2 2 0 1 551 846 550
1505 2 2 0 1 604 844 606
1506 2 2 0 1 382 862 553
1507 2 2 0 1 444 839 449
1508 2 2 0 1 654 853 652
1509 2 2 0 1 178 847 50
1510 2 2 0 1 403 848 394
1511 2 2 0 1 41 851 40
1512 2 2 0 1 196 857 82
1513 2 2 0 1 652 853 649
1514 2 2 0 1 663 853 170
1515 2 2 0 1 39 855 174
1516 2 2 0 1 553 862 552
1517 2 2 0 1 267 856 351
1518 2 2 0 1 224 859 184
1519 2 2 0 1 363 864 653
1520 2 2 0 1 182 843 72
1521 2 2 0 1 591 783 602
1522 2 2 0 1 24 801 155
1523 2 2 0 1 469 868 220
1524 2 2 0 1 76 850 151
1525 2 2 0 1 693 852 686
1526 2 2 0 1 465 891 159
1527 2 2 0 1 528 862 527
1528 2 2 0 1 127 860 168
1529 2 2 0 1 186 859 190
1530 2 2 0 1 788 803 392
1531 2 2 0 1 81 857 220
1532 2 2 0 1 151 881 731
1533 2 2 0 1 307 864 363
1534 2 2 0 1 703 864 305
1535 2 2 0 1 188 904 192
1536 2 2 0 1 244 784 246
1537 2 2 0 1 71 843 243
1538 2 2 0 1 559 808 769
1539 2 2 0 1 51 867 178
1540 2 2 0 1 455 786 447
1541 2 2 0 1 402 872 233
1542 2 2 0 1 206 885 198
1543 2 2 0 1 537 892 553
1544 2 2 0 1 678 870 675
1545 2 2 0 1 682 870 679
1546 2 2 0 1 179 902 53
1547 2 2 0 1 414 810 757
1548 2 2 0 1 119 871 118
1549 2 2 0 1 734 877 340
1550 2 2 0 1 450 881 446
1551 2 2 0 1 273 901 354
1552 2 2 0 1 44 874 43
1553 2 2 0 1 95 891 555
1554 2 2 0 1 482 793 780
1555 2 2 0 1 26 875 25
1556 2 2 0 1 680 876 681
1557 2 2 0 1 671 878 673
1558 2 2 0 1 503 899 499
1559 2 2 0 1 375 898 370
1560 2 2 0 1 397 898 564
1561 2 2 0 1 277 879 279
1562 2 2 0 1 27 897 156
1563 2 2 0 1 25 801 24
1564 2 2 0 1 42 896 175
1565 2 2 0 1 169 880 129
1566 2 2 0 1 378 894 369
1567 2 2 0 1 219 767 86
1568 2 2 0 1 108 893 107
1569 2 2 0 1 159 891 96
1570 2 2 0 1 327 785 325
1571 2 2 0 1 351 888 269
1572 2 2 0 1 553 877 382
1573 2 2 0 1 810 825 561
1574 2 2 0 1 11 869 1
1575 2 2 0 1 688 876 817
1576 2 2 0 1 477 790 229
1577 2 2 0 1 382 877 380
1578 2 2 0 1 585 787 586
1579 2 2 0 1 1 869 150
1580 2 2 0 1 768 810 561
1581 2 2 0 1 362 788 708
1582 2 2 0 1 513 849 510
1583 2 2 0 1 445 789 443
1584 2 2 0 1 842 871 658
1585 2 2 0 1 46 800 782
1586 2 2 0 1 765 780 367
1587 2 2 0 1 481 780 765
1588 2 2 0 1 512 837 513
1589 2 2 0 1 761 792 163
1590 2 2 0 1 173 807 783
1591 2 2 0 1 522 793 482
1592 2 2 0 1 87 781 219
1593 2 2 0 1 466 840 467
1594 2 2 0 1 74 794 73
1595 2 2 0 1 774 787 585
1596 2 2 0 1 819 829 403
1597 2 2 0 1 170 795 120
1598 2 2 0 1 658 795 656
1599 2 2 0 1 661 796 650
1600 2 2 0 1 574 906 156
1601 2 2 0 1 213 833 143
1602 2 2 0 1 425 836 243
1603 2 2 0 1 166 797 117
1604 2 2 0 1 559 845 808
1605 2 2 0 1 419 806 399
1606 2 2 0 1 516 799 218
1607 2 2 0 1 577 801 576
1608 2 2 0 1 47 800 46
1609 2 2 0 1 840 863 467
1610 2 2 0 1 699 791 762
1611 2 2 0 1 788 791 699
1612 2 2 0 1 142 833 523
1613 2 2 0 1 731 802 730
1614 2 2 0 1 697 803 699
1615 2 2 0 1 806 822 399
1616 2 2 0 1 195 804 199
1617 2 2 0 1 692 792 761
1618 2 2 0 1 602 834 593
1619 2 2 0 1 703 828 655
1620 2 2 0 1 737 837 213
1621 2 2 0 1 547 805 543
1622 2 2 0 1 803 819 392
1623 2 2 0 1 575 906 564
1624 2 2 0 1 156 906 575
1625 2 2 0 1 461 850 77
1626 2 2 0 1 364 884 754
1627 2 2 0 1 37 807 36
1628 2 2 0 1 799 823 218
1629 2 2 0 1 79 809 197
1630 2 2 0 1 467 863 729
1631 2 2 0 1 769 808 230
1632 2 2 0 1 80 868 809
1633 2 2 0 1 193 905 836
1634 2 2 0 1 393 858 381
1635 2 2 0 1 797 848 403
1636 2 2 0 1 798 894 378
1637 2 2 0 1 331 811 341
1638 2 2 0 1 149 812 148
1639 2 2 0 1 805 831 345
1640 2 2 0 1 699 803 788
1641 2 2 0 1 223 822 806
1642 2 2 0 1 715 813 344
1643 2 2 0 1 195 820 804
1644 2 2 0 1 232 882 395
1645 2 2 0 1 603 887 600
1646 2 2 0 1 448 814 554
1647 2 2 0 1 752 810 768
1648 2 2 0 1 230 808 757
1649 2 2 0 1 789 889 451
1650 2 2 0 1 220 868 6
1651 2 2 0 1 399 822 393
1652 2 2 0 1 275 818 277
1653 2 2 0 1 619 815 624
1654 2 2 0 1 6 868 80
1655 2 2 0 1 174 816 38
1656 2 2 0 1 593 834 595
1657 2 2 0 1 757 810 752
1658 2 2 0 1 673 878 813
1659 2 2 0 1 106 817 162
1660 2 2 0 1 689 818 685
1661 2 2 0 1 520 822 223
1662 2 2 0 1 218 823 518
1663 2 2 0 1 392 819 391
1664 2 2 0 1 189 820 195
1665 2 2 0 1 470 825 414
1666 2 2 0 1 597 821 603
1667 2 2 0 1 469 889 809
1668 2 2 0 1 812 903 212
1669 2 2 0 1 174 855 821
1670 2 2 0 1 175 896 844
1671 2 2 0 1 720 824 385
1672 2 2 0 1 561 825 202
1673 2 2 0 1 143 833 142
1674 2 2 0 1 413 845 412
1675 2 2 0 1 693 893 852
1676 2 2 0 1 223 806 772
1677 2 2 0 1 469 895 889
1678 2 2 0 1 168 826 662
1679 2 2 0 1 527 827 191
1680 2 2 0 1 783 807 602
1681 2 2 0 1 796 884 364
1682 2 2 0 1 470 841 825
1683 2 2 0 1 424 854 423
1684 2 2 0 1 825 841 202
1685 2 2 0 1 845 866 412
1686 2 2 0 1 359 828 703
1687 2 2 0 1 655 828 657
1688 2 2 0 1 115 829 165
1689 2 2 0 1 49 830 48
1690 2 2 0 1 381 858 382
1691 2 2 0 1 523 833 522
1692 2 2 0 1 460 850 461
1693 2 2 0 1 700 831 378
1694 2 2 0 1 558 835 401
1695 2 2 0 1 263 832 265
1696 2 2 0 1 817 876 162
1697 2 2 0 1 49 847 830
1698 2 2 0 1 824 890 861
1699 2 2 0 1 767 873 389
1700 2 2 0 1 455 873 786
1701 2 2 0 1 510 849 514
1702 2 2 0 1 202 841 551
1703 2 2 0 1 395 841 470
1704 2 2 0 1 211 845 559
1705 2 2 0 1 832 856 265
1706 2 2 0 1 731 838 802
1707 2 2 0 1 720 890 824
1708 2 2 0 1 792 852 163
1709 2 2 0 1 440 839 444
1710 2 2 0 1 676 840 160
1711 2 2 0 1 772 869 11
1712 2 2 0 1 611 896 43
1713 2 2 0 1 657 842 658
1714 2 2 0 1 606 844 611
1715 2 2 0 1 72 843 71
1716 2 2 0 1 165 829 819
1717 2 2 0 1 550 846 402
1718 2 2 0 1 687 852 792
1719 2 2 0 1 50 847 49
1720 2 2 0 1 197 889 789
1721 2 2 0 1 394 848 404
1722 2 2 0 1 175 851 41
1723 2 2 0 1 77 850 76
1724 2 2 0 1 686 852 687
1725 2 2 0 1 649 853 663
1726 2 2 0 1 764 849 152
1727 2 2 0 1 211 866 845
1728 2 2 0 1 816 834 602
1729 2 2 0 1 40 855 39
1730 2 2 0 1 412 866 415
1731 2 2 0 1 676 863 840
1732 2 2 0 1 265 856 267
1733 2 2 0 1 82 857 81
1734 2 2 0 1 458 886 524
1735 2 2 0 1 184 859 186
1736 2 2 0 1 744 854 424
1737 2 2 0 1 866 883 415
1738 2 2 0 1 128 860 127
1739 2 2 0 1 555 861 224
1740 2 2 0 1 552 862 528
1741 2 2 0 1 754 884 508
1742 2 2 0 1 564 906 574
1743 2 2 0 1 809 868 469
1744 2 2 0 1 375 894 577
1745 2 2 0 1 661 884 796
1746 2 2 0 1 673 863 676
1747 2 2 0 1 418 882 232
1748 2 2 0 1 140 865 235
1749 2 2 0 1 600 887 604
1750 2 2 0 1 305 864 307
1751 2 2 0 1 557 866 211
1752 2 2 0 1 166 848 797
1753 2 2 0 1 128 880 860
1754 2 2 0 1 52 867 51
1755 2 2 0 1 415 883 556
1756 2 2 0 1 514 849 764
1757 2 2 0 1 838 900 802
1758 2 2 0 1 679 870 678
1759 2 2 0 1 118 871 166
1760 2 2 0 1 557 883 866
1761 2 2 0 1 827 858 393
1762 2 2 0 1 233 872 400
1763 2 2 0 1 150 869 390
1764 2 2 0 1 176 874 44
1765 2 2 0 1 156 875 26
1766 2 2 0 1 162 876 680
1767 2 2 0 1 674 878 671
1768 2 2 0 1 7 905 70
1769 2 2 0 1 279 879 357
1770 2 2 0 1 446 881 460
1771 2 2 0 1 380 877 734
1772 2 2 0 1 129 880 128
1773 2 2 0 1 52 902 867
1774 2 2 0 1 419 903 812
1775 2 2 0 1 193 883 557
1776 2 2 0 1 198 885 194
1777 2 2 0 1 519 886 206
1778 2 2 0 1 390 869 772
1779 2 2 0 1 790 900 517
1780 2 2 0 1 269 888 271
1781 2 2 0 1 395 882 846
1782 2 2 0 1 786 873 219
1783 2 2 0 1 885 904 194
1784 2 2 0 1 721 890 720
1785 2 2 0 1 96 891 95
1786 2 2 0 1 406 903 419
1787 2 2 0 1 888 901 271
1788 2 2 0 1 851 887 603
1789 2 2 0 1 219 873 767
1790 2 2 0 1 538 892 537
1791 2 2 0 1 163 893 108
1792 2 2 0 1 369 894 375
1793 2 2 0 1 194 904 188
1794 2 2 0 1 43 896 42
1795 2 2 0 1 28 897 27
1796 2 2 0 1 370 898 397
1797 2 2 0 1 499 899 497
1798 2 2 0 1 451 895 515
1799 2 2 0 1 271 901 273
1800 2 2 0 1 53 902 52
1801 2 2 0 1 243 905 7
1802 2 2 0 1 547 831 805
1803 2 2 0 1 793 837 512
1804 2 2 0 1 174 834 816
1805 2 2 0 1 813 878 344
1806 2 2 0 1 824 861 465
1807 2 2 0 1 473 900 790
1808 2 2 0 1 517 900 838
1809 2 2 0 1 577 894 798
1810 2 2 0 1 821 855 603
1811 2 2 0 1 852 893 163
1812 2 2 0 1 802 900 473
1813 2 2 0 1 527 858 827
1814 2 2 0 1 809 889 197
1815 2 2 0 1 889 895 451
1816 2 2 0 1 861 890 224
1817 2 2 0 1 846 882 402
1818 2 2 0 1 175 887 851
1819 2 2 0 1 836 905 243
1820 2 2 0 1 844 896 611
$EndElements
